0 0 47.2549
1 0 0
2 0 -20.9655
3 0 -0.131797
94 0 -20.991
95 0 0.131957
96 0 -2.64492
97 0 -0
98 0 -1.3167e-05
99 0 2.01668e-08
190 0 -1.97504e-05
191 0 -3.02502e-08
7584 0 -2.64491
7585 0 -0
7586 0 -0.00515457
7587 0 -7.28038e-05
7678 0 -0.00258671
7679 0 3.6535e-05
0 1 -0
1 1 47.2549
2 1 0.131797
3 1 -20.9655
94 1 -0.131957
95 1 -20.991
96 1 0
97 1 -2.64492
98 1 -2.01668e-08
99 1 -1.3167e-05
190 1 3.02502e-08
191 1 -1.97504e-05
7584 1 0
7585 1 -2.64491
7586 1 7.28038e-05
7587 1 -0.00515457
7678 1 -3.6535e-05
7679 1 -0.00258671
0 2 -20.9655
1 2 0.131797
2 2 43.5395
3 2 0
4 2 -17.9321
5 2 -7.57701e-08
96 2 -0.00513493
97 2 7.25271e-05
98 2 -2.31027
99 2 0.0357796
100 2 -0.0076414
101 2 0.000157027
7586 2 -2.31026
7587 2 -0.0357786
7588 2 -0.00764065
7589 2 -0.000157009
0 3 -0.131797
1 3 -20.9655
2 3 -0
3 3 43.5395
4 3 7.57701e-08
5 3 -17.9321
96 3 -7.25271e-05
97 3 -0.00513493
98 3 -0.0357796
99 3 -2.31027
100 3 -0.000157027
101 3 -0.0076414
7586 3 0.0357786
7587 3 -2.31026
7588 3 0.000157009
7589 3 -0.00764065
2 4 -17.9321
3 4 7.57701e-08
4 4 39.7395
5 4 0
6 4 17.8114
7 4 -4.93038e-05
98 4 -0.00768981
99 4 0.000158028
100 4 -1.97705
101 4 0.0502892
102 4 0.0125137
103 4 0.00182602
7586 4 -0.00769328
7587 4 -0.000158095
7588 4 -1.97705
7589 4 -0.0502883
7590 4 0.0125137
7591 4 -0.00182605
2 5 -7.57701e-08
3 5 -17.9321
4 5 -0
5 5 39.7395
6 5 4.93038e-05
7 5 17.8114
98 5 -0.000158028
99 5 -0.00768981
100 5 -0.0502892
101 5 -1.97705
102 5 -0.00182602
103 5 0.0125137
7586 5 0.000158095
7587 5 -0.00769328
7588 5 0.0502883
7589 5 -1.97705
7590 5 0.00182605
7591 5 0.0125137
4 6 17.8114
5 6 4.93038e-05
6 6 39.4759
7 6 0
8 6 -17.6325
9 6 -1.57932e-05
100 6 0.012614
101 6 -0.00038242
102 6 -1.96649
103 6 -0.277687
104 6 -0.0172929
105 6 -0.00174617
7588 6 0.012614
7589 6 0.000382483
7590 6 -1.96649
7591 6 0.277681
7592 6 -0.0172929
7593 6 0.00174612
4 7 -4.93038e-05
5 7 17.8114
6 7 -0
7 7 39.4759
8 7 1.57932e-05
9 7 -17.6325
100 7 0.00038242
101 7 0.012614
102 7 0.277687
103 7 -1.96649
104 7 0.00174617
105 7 -0.0172929
7588 7 -0.000382483
7589 7 0.012614
7590 7 -0.277681
7591 7 -1.96649
7592 7 -0.00174612
7593 7 -0.0172929
6 8 -17.6325
7 8 1.57932e-05
8 8 39.114
9 8 0
10 8 -17.3991
11 8 -5.97957e-06
102 8 -0.0172092
103 8 -0.00234914
104 8 -1.99274
105 8 -0.192614
106 8 -0.0217499
107 8 -0.00153285
7590 8 -0.0172092
7591 8 0.00234913
7592 8 -1.99274
7593 8 0.192612
7594 8 -0.0217499
7595 8 0.00153282
6 9 -1.57932e-05
7 9 -17.6325
8 9 -0
9 9 39.114
10 9 5.97957e-06
11 9 -17.3991
102 9 0.00234914
103 9 -0.0172092
104 9 0.192614
105 9 -1.99274
106 9 0.00153285
107 9 -0.0217499
7590 9 -0.00234913
7591 9 -0.0172092
7592 9 -0.192612
7593 9 -1.99274
7594 9 -0.00153282
7595 9 -0.0217499
8 10 -17.3991
9 10 5.97957e-06
10 10 38.6609
11 10 0
12 10 -17.1144
13 10 -5.86859e-06
104 10 -0.021749
105 10 -0.00200848
106 10 -2.02142
107 10 -0.134622
108 10 -0.0258891
109 10 -0.00125054
7592 10 -0.021749
7593 10 0.00200847
7594 10 -2.02142
7595 10 0.134621
7596 10 -0.0258891
7597 10 0.00125052
8 11 -5.97957e-06
9 11 -17.3991
10 11 -0
11 11 38.6609
12 11 5.86859e-06
13 11 -17.1144
104 11 0.00200848
105 11 -0.021749
106 11 0.134622
107 11 -2.02142
108 11 0.00125054
109 11 -0.0258891
7592 11 -0.00200847
7593 11 -0.021749
7594 11 -0.134621
7595 11 -2.02142
7596 11 -0.00125052
7597 11 -0.0258891
10 12 -17.1144
11 12 5.86859e-06
12 12 38.1247
13 12 0
14 12 -16.7835
15 12 -1.99604e-06
106 12 -0.0258422
107 12 -0.00162094
108 12 -2.05592
109 12 -0.0923439
110 12 -0.0295048
111 12 -0.00111184
7594 12 -0.0258422
7595 12 0.00162094
7596 12 -2.05592
7597 12 0.092344
7598 12 -0.0295048
7599 12 0.00111183
10 13 -5.86859e-06
11 13 -17.1144
12 13 -0
13 13 38.1247
14 13 1.99604e-06
15 13 -16.7835
106 13 0.00162094
107 13 -0.0258422
108 13 0.0923439
109 13 -2.05592
110 13 0.00111184
111 13 -0.0295048
7594 13 -0.00162094
7595 13 -0.0258422
7596 13 -0.092344
7597 13 -2.05592
7598 13 -0.00111183
7599 13 -0.0295048
12 14 -16.7835
13 14 1.99604e-06
14 14 42.4788
15 14 0
16 14 -21.3743
17 14 -2.35879e-06
108 14 -0.0295192
109 14 -0.00127478
110 14 -2.09691
111 14 -0.0756768
112 14 -0.0326401
113 14 -0.000809359
7596 14 -0.0295192
7597 14 0.00127479
7598 14 -2.09691
7599 14 0.0756768
7600 14 -0.0326401
7601 14 0.000809356
12 15 -1.99604e-06
13 15 -16.7835
14 15 -0
15 15 42.4788
16 15 2.35879e-06
17 15 -21.3743
108 15 0.00127478
109 15 -0.0295192
110 15 0.0756768
111 15 -2.09691
112 15 0.000809359
113 15 -0.0326401
7596 15 -0.00127479
7597 15 -0.0295192
7598 15 -0.0756768
7599 15 -2.09691
7600 15 -0.000809356
7601 15 -0.0326401
14 16 -21.3743
15 16 2.35879e-06
16 16 48.0896
17 16 0
18 16 -20.8186
19 16 -7.55703e-07
110 16 -0.0326651
111 16 -0.00107688
112 16 -2.87726
113 16 -0.0639862
114 16 -0.0352982
115 16 -0.000497839
7598 16 -3.08616e-05
7599 16 1.01743e-06
7600 16 -2.91479
7601 16 0.0648211
7602 16 -0.0352246
7603 16 0.000496763
14 17 -2.35879e-06
15 17 -21.3743
16 17 -0
17 17 48.0896
18 17 7.55703e-07
19 17 -20.8186
110 17 0.00107688
111 17 -0.0326651
112 17 0.0639862
113 17 -2.87726
114 17 0.000497839
115 17 -0.0352982
7598 17 -1.01743e-06
7599 17 -3.08616e-05
7600 17 -0.0648211
7601 17 -2.91479
7602 17 -0.000496763
7603 17 -0.0352246
16 18 -20.8186
17 18 7.55703e-07
18 18 47.1147
19 18 0
20 18 -20.2387
21 18 1.16924e-06
112 18 -0.0352256
113 18 -0.000693354
114 18 -2.95335
115 18 -0.0358951
116 18 -0.0371807
117 18 -0.000244555
7600 18 -2.57793e-05
7601 18 5.07424e-07
7602 18 -2.99395
7603 18 0.0363859
7604 18 -0.0372472
7605 18 0.000245001
16 19 -7.55703e-07
17 19 -20.8186
18 19 -0
19 19 47.1147
20 19 -1.16924e-06
21 19 -20.2387
112 19 0.000693354
113 19 -0.0352256
114 19 0.0358951
115 19 -2.95335
116 19 0.000244555
117 19 -0.0371807
7600 19 -5.07424e-07
7601 19 -2.57793e-05
7602 19 -0.0363859
7603 19 -2.99395
7604 19 -0.000245001
7605 19 -0.0372472
18 20 -20.2387
19 20 -1.16924e-06
20 20 46.1177
21 20 0
22 20 -19.6423
23 20 -2.34415e-07
114 20 -0.0372432
115 20 -0.000380092
116 20 -3.03942
117 20 -0.0160079
118 20 -0.0385676
119 20 -7.40233e-05
7604 20 -3.08285
7605 20 0.0162369
7606 20 -0.0385207
7607 20 7.39116e-05
18 21 1.16924e-06
19 21 -20.2387
20 21 -0
21 21 46.1177
22 21 2.34415e-07
23 21 -19.6423
114 21 0.000380092
115 21 -0.0372432
116 21 0.0160079
117 21 -3.03942
118 21 7.40233e-05
119 21 -0.0385676
7604 21 -0.0162369
7605 21 -3.08285
7606 21 -7.39116e-05
7607 21 -0.0385207
20 22 -19.6423
21 22 2.34415e-07
22 22 38.6941
23 22 0
24 22 -14.1543
25 22 -2.84363e-08
116 22 -0.038532
117 22 -0.000152457
118 22 -2.40686
119 22 -0.00305234
7604 22 -6.56042e-05
7605 22 2.59579e-07
7606 22 -2.45204
7607 22 0.00310876
7608 22 -1.98764e-05
7609 22 -5.26776e-10
20 23 -2.34415e-07
21 23 -19.6423
22 23 -0
23 23 38.6941
24 23 2.84363e-08
25 23 -14.1543
116 23 0.000152457
117 23 -0.038532
118 23 0.00305234
119 23 -2.40686
7604 23 -2.59579e-07
7605 23 -6.56042e-05
7606 23 -0.00310876
7607 23 -2.45204
7608 23 5.26776e-10
7609 23 -1.98764e-05
22 24 -14.1543
23 24 2.84363e-08
24 24 28.5814
25 24 0
26 24 -9.45478
27 24 -1.78397e-07
118 24 -4.21564e-05
119 24 -2.56277e-08
120 24 -2.48613
121 24 -6.00577e-06
7608 24 -2.48617
7609 24 6.00609e-06
22 25 -2.84363e-08
23 25 -14.1543
24 25 -0
25 25 28.5814
26 25 1.78397e-07
27 25 -9.45478
118 25 2.56277e-08
119 25 -4.21564e-05
120 25 6.00577e-06
121 25 -2.48613
7608 25 -6.00609e-06
7609 25 -2.48617
24 26 -9.45478
25 26 1.78397e-07
26 26 22.048
27 26 0
28 26 -9.14377
29 26 6.01933e-08
120 26 -2.14643e-05
121 26 -6.59388e-10
122 26 -1.72468
123 26 -0.00248669
124 26 -4.3168e-05
125 26 -1.8328e-07
7608 26 -2.14643e-05
7609 26 6.60223e-10
7610 26 -1.72472
7611 26 0.00248684
24 27 -1.78397e-07
25 27 -9.45478
26 27 -0
27 27 22.048
28 27 -6.01933e-08
29 27 -9.14377
120 27 6.59388e-10
121 27 -2.14643e-05
122 27 0.00248669
123 27 -1.72468
124 27 1.8328e-07
125 27 -4.3168e-05
7608 27 -6.60223e-10
7609 27 -2.14643e-05
7610 27 -0.00248684
7611 27 -1.72472
26 28 -9.14377
27 28 -6.01933e-08
28 28 21.5543
29 28 0
30 28 -8.84041
31 28 9.68513e-07
124 28 -1.78507
125 28 -0.00996966
7610 28 -1.68486e-05
7611 28 3.59109e-08
7612 28 -1.785
7613 28 0.00997048
7614 28 -2.36994e-05
7615 28 3.14679e-07
26 29 6.01933e-08
27 29 -9.14377
28 29 -0
29 29 21.5543
30 29 -9.68513e-07
31 29 -8.84041
124 29 0.00996966
125 29 -1.78507
7610 29 -3.59109e-08
7611 29 -1.68486e-05
7612 29 -0.00997048
7613 29 -1.785
7614 29 -3.14679e-07
7615 29 -2.36994e-05
28 30 -8.84041
29 30 -9.68513e-07
30 30 21.085
31 30 0
32 30 -8.54998
33 30 1.51577e-08
124 30 -3.83804e-05
125 30 -2.87347e-07
126 30 -1.847
127 30 -0.0303463
128 30 1.24583e-06
129 30 3.14944e-08
7614 30 -1.84704
7615 30 0.0303468
7616 30 1.24583e-06
7617 30 -3.14943e-08
28 31 9.68513e-07
29 31 -8.84041
30 31 0
31 31 21.085
32 31 -1.51577e-08
33 31 -8.54998
124 31 2.87347e-07
125 31 -3.83804e-05
126 31 0.0303463
127 31 -1.847
128 31 -3.14944e-08
129 31 1.24583e-06
7614 31 -0.0303468
7615 31 -1.84704
7616 31 3.14943e-08
7617 31 1.24583e-06
30 32 -8.54998
31 32 -1.51577e-08
32 32 20.648
33 32 0
34 32 -8.27777
35 32 -1.36286e-06
126 32 -1.24604e-06
127 32 -2.32405e-08
128 32 -1.90933
129 32 -0.053615
130 32 -3.50622e-05
131 32 -1.41996e-06
7614 32 -1.24604e-06
7615 32 2.32403e-08
7616 32 -1.90936
7617 32 0.0536157
30 33 1.51577e-08
31 33 -8.54998
32 33 -0
33 33 20.648
34 33 1.36286e-06
35 33 -8.27777
126 33 2.32405e-08
127 33 -1.24604e-06
128 33 0.053615
129 33 -1.90933
130 33 1.41996e-06
131 33 -3.50622e-05
7614 33 -2.32403e-08
7615 33 -1.24604e-06
7616 33 -0.0536157
7617 33 -1.90936
32 34 -8.27777
33 34 1.36286e-06
34 34 20.2502
35 34 0
36 34 8.02809
37 34 -1.16066e-06
130 34 -1.97027
131 34 -0.0863741
132 34 5.19726e-06
133 34 2.78283e-07
7616 34 -2.49941e-05
7617 34 7.71952e-07
7618 34 -1.97021
7619 34 0.086374
7620 34 6.99567e-06
7621 34 -3.74585e-07
32 35 -1.36286e-06
33 35 -8.27777
34 35 -0
35 35 20.2502
36 35 -1.16066e-06
37 35 -8.02809
130 35 0.0863741
131 35 -1.97027
132 35 2.78283e-07
133 35 -5.19726e-06
7616 35 -7.71952e-07
7617 35 -2.49941e-05
7618 35 -0.086374
7619 35 -1.97021
7620 35 -3.74585e-07
7621 35 -6.99567e-06
34 36 8.02809
35 36 -1.16066e-06
36 36 19.8971
37 36 0
38 36 -7.80564
39 36 -3.55401e-07
132 36 -2.02856
133 36 0.113021
7620 36 -2.02851
7621 36 -0.11302
7622 36 -1.58342e-05
7623 36 -1.22117e-06
34 37 -1.16066e-06
35 37 -8.02809
36 37 -0
37 37 19.8971
38 37 3.55401e-07
39 37 -7.80564
132 37 -0.113021
133 37 -2.02856
7620 37 0.11302
7621 37 -2.02851
7622 37 1.22117e-06
7623 37 -1.58342e-05
36 38 -7.80564
37 38 3.55401e-07
38 38 19.5933
39 38 0
40 38 -7.61411
41 38 6.98973e-07
132 38 -4.59284e-05
133 38 2.72576e-06
134 38 -2.0799
135 38 0.1689
136 38 -7.27391e-06
137 38 8.22359e-07
7622 38 -2.07994
7623 38 -0.168903
7624 38 -7.27391e-06
7625 38 -8.22354e-07
36 39 -3.55401e-07
37 39 -7.80564
38 39 -0
39 39 19.5933
40 39 -6.98973e-07
41 39 -7.61411
132 39 -2.72576e-06
133 39 -4.59284e-05
134 39 -0.1689
135 39 -2.0799
136 39 -8.22359e-07
137 39 -7.27391e-06
7622 39 0.168903
7623 39 -2.07994
7624 39 8.22354e-07
7625 39 -7.27391e-06
38 40 -7.61411
39 40 -6.98973e-07
40 40 19.3418
41 40 0
42 40 -7.45658
43 40 -1.61987e-06
136 40 -2.12096
137 40 0.249319
7624 40 -2.12096
7625 40 -0.249318
38 41 6.98973e-07
39 41 -7.61411
40 41 -0
41 41 19.3418
42 41 1.61987e-06
43 41 -7.45658
136 41 -0.249319
137 41 -2.12096
7624 41 0.249318
7625 41 -2.12096
40 42 -7.45658
41 42 1.61987e-06
42 42 19.1448
43 42 0
44 42 -7.33623
45 42 4.35093e-07
136 42 -4.59719e-06
137 42 5.61111e-07
138 42 -2.17501
139 42 -0.0654216
7624 42 -6.46793e-05
7625 42 -7.89437e-06
7626 42 -2.1749
7627 42 0.0654191
7628 42 -7.09065e-06
7629 42 1.79627e-07
40 43 -1.61987e-06
41 43 -7.45658
42 43 -0
43 43 19.1448
44 43 -4.35093e-07
45 43 -7.33623
136 43 -5.61111e-07
137 43 -4.59719e-06
138 43 0.0654216
139 43 -2.17501
7624 43 7.89437e-06
7625 43 -6.46793e-05
7626 43 -0.0654191
7627 43 -2.1749
7628 43 -1.79627e-07
7629 43 -7.09065e-06
42 44 -7.33623
43 44 -4.35093e-07
44 44 19.0035
45 44 0
46 44 -7.25471
47 44 1.06364e-08
138 44 -5.44148e-05
139 44 -1.37847e-06
140 44 -2.20575
141 44 -0.0449356
142 44 -1.96825e-05
143 44 -3.03246e-07
7628 44 -2.2058
7629 44 0.0449365
7630 44 -1.96825e-05
7631 44 3.03243e-07
42 45 4.35093e-07
43 45 -7.33623
44 45 -0
45 45 19.0035
46 45 -1.06364e-08
47 45 -7.25471
138 45 1.37847e-06
139 45 -5.44148e-05
140 45 0.0449356
141 45 -2.20575
142 45 3.03246e-07
143 45 -1.96825e-05
7628 45 -0.0449365
7629 45 -2.2058
7630 45 -3.03243e-07
7631 45 -1.96825e-05
44 46 -7.25471
45 46 -1.06364e-08
46 46 18.9184
47 46 0
48 46 -7.21346
49 46 -0.000593446
142 46 -2.225
143 46 -0.022942
144 46 -1.07942e-05
145 46 -5.50004e-08
7630 46 -2.22501
7631 46 0.0229419
44 47 1.06364e-08
45 47 -7.25471
46 47 -0
47 47 18.9184
48 47 0.000593446
49 47 -7.21346
142 47 0.022942
143 47 -2.225
144 47 5.50004e-08
145 47 -1.07942e-05
7630 47 -0.0229419
7631 47 -2.22501
46 48 -7.21346
47 48 0.000593446
48 48 18.8899
49 48 0
50 48 -7.21346
51 48 -0.000593446
144 48 -2.23153
145 48 -0
7630 48 -5.02288e-05
7631 48 2.6421e-07
7632 48 -2.23139
7633 48 -0
7634 48 -5.02288e-05
7635 48 -2.6421e-07
46 49 -0.000593446
47 49 -7.21346
48 49 -0
49 49 18.8899
50 49 0.000593446
51 49 -7.21346
144 49 0
145 49 -2.23153
7630 49 -2.6421e-07
7631 49 -5.02288e-05
7632 49 0
7633 49 -2.23139
7634 49 2.6421e-07
7635 49 -5.02288e-05
48 50 -7.21346
49 50 0.000593446
50 50 18.9184
51 50 0
52 50 -7.25471
53 50 1.06364e-08
144 50 -1.07942e-05
145 50 5.50004e-08
146 50 -2.225
147 50 0.022942
7634 50 -2.22501
7635 50 -0.0229419
48 51 -0.000593446
49 51 -7.21346
50 51 -0
51 51 18.9184
52 51 -1.06364e-08
53 51 -7.25471
144 51 -5.50004e-08
145 51 -1.07942e-05
146 51 -0.022942
147 51 -2.225
7634 51 0.0229419
7635 51 -2.22501
50 52 -7.25471
51 52 -1.06364e-08
52 52 19.0035
53 52 0
54 52 -7.33623
55 52 4.35093e-07
146 52 -1.96825e-05
147 52 3.03246e-07
148 52 -2.20575
149 52 0.0449356
150 52 -5.44148e-05
151 52 1.37847e-06
7634 52 -1.96825e-05
7635 52 -3.03243e-07
7636 52 -2.2058
7637 52 -0.0449365
50 53 1.06364e-08
51 53 -7.25471
52 53 -0
53 53 19.0035
54 53 -4.35093e-07
55 53 -7.33623
146 53 -3.03246e-07
147 53 -1.96825e-05
148 53 -0.0449356
149 53 -2.20575
150 53 -1.37847e-06
151 53 -5.44148e-05
7634 53 3.03243e-07
7635 53 -1.96825e-05
7636 53 0.0449365
7637 53 -2.2058
52 54 -7.33623
53 54 -4.35093e-07
54 54 19.1448
55 54 0
56 54 7.45658
57 54 1.61987e-06
150 54 -2.17501
151 54 0.0654216
152 54 4.59719e-06
153 54 5.61111e-07
7636 54 -7.09065e-06
7637 54 -1.79627e-07
7638 54 -2.1749
7639 54 -0.0654191
7640 54 6.46793e-05
7641 54 -7.89437e-06
52 55 4.35093e-07
53 55 -7.33623
54 55 -0
55 55 19.1448
56 55 -1.61987e-06
57 55 7.45658
150 55 -0.0654216
151 55 -2.17501
152 55 -5.61111e-07
153 55 4.59719e-06
7636 55 1.79627e-07
7637 55 -7.09065e-06
7638 55 0.0654191
7639 55 -2.1749
7640 55 7.89437e-06
7641 55 6.46793e-05
54 56 7.45658
55 56 -1.61987e-06
56 56 19.3418
57 56 0
58 56 -7.61411
59 56 6.98973e-07
152 56 -2.12096
153 56 -0.249319
7640 56 -2.12096
7641 56 0.249318
54 57 1.61987e-06
55 57 7.45658
56 57 -0
57 57 19.3418
58 57 -6.98973e-07
59 57 -7.61411
152 57 0.249319
153 57 -2.12096
7640 57 -0.249318
7641 57 -2.12096
56 58 -7.61411
57 58 -6.98973e-07
58 58 19.5933
59 58 0
60 58 -7.80564
61 58 -3.55401e-07
152 58 -7.27391e-06
153 58 -8.22359e-07
154 58 -2.0799
155 58 -0.1689
156 58 -4.59284e-05
157 58 -2.72576e-06
7640 58 -7.27391e-06
7641 58 8.22354e-07
7642 58 -2.07994
7643 58 0.168903
56 59 6.98973e-07
57 59 -7.61411
58 59 -0
59 59 19.5933
60 59 3.55401e-07
61 59 -7.80564
152 59 8.22359e-07
153 59 -7.27391e-06
154 59 0.1689
155 59 -2.0799
156 59 2.72576e-06
157 59 -4.59284e-05
7640 59 -8.22354e-07
7641 59 -7.27391e-06
7642 59 -0.168903
7643 59 -2.07994
58 60 -7.80564
59 60 3.55401e-07
60 60 19.8971
61 60 0
62 60 8.02809
63 60 1.16066e-06
156 60 -2.02856
157 60 -0.113021
7642 60 -1.58342e-05
7643 60 1.22117e-06
7644 60 -2.02851
7645 60 0.11302
58 61 -3.55401e-07
59 61 -7.80564
60 61 -0
61 61 19.8971
62 61 1.16066e-06
63 61 -8.02809
156 61 0.113021
157 61 -2.02856
7642 61 -1.22117e-06
7643 61 -1.58342e-05
7644 61 -0.11302
7645 61 -2.02851
60 62 8.02809
61 62 1.16066e-06
62 62 20.2502
63 62 0
64 62 -8.27777
65 62 -1.36286e-06
156 62 5.19726e-06
157 62 -2.78283e-07
158 62 -1.97027
159 62 0.0863741
7644 62 6.99567e-06
7645 62 3.74585e-07
7646 62 -1.97021
7647 62 -0.086374
7648 62 -2.49941e-05
7649 62 -7.71952e-07
60 63 1.16066e-06
61 63 -8.02809
62 63 -0
63 63 20.2502
64 63 1.36286e-06
65 63 -8.27777
156 63 -2.78283e-07
157 63 -5.19726e-06
158 63 -0.0863741
159 63 -1.97027
7644 63 3.74585e-07
7645 63 -6.99567e-06
7646 63 0.086374
7647 63 -1.97021
7648 63 7.71952e-07
7649 63 -2.49941e-05
62 64 -8.27777
63 64 1.36286e-06
64 64 20.648
65 64 0
66 64 -8.54998
67 64 1.51577e-08
158 64 -3.50622e-05
159 64 1.41996e-06
160 64 -1.90933
161 64 0.053615
162 64 -1.24604e-06
163 64 2.32405e-08
7648 64 -1.90936
7649 64 -0.0536157
7650 64 -1.24604e-06
7651 64 -2.32403e-08
62 65 -1.36286e-06
63 65 -8.27777
64 65 -0
65 65 20.648
66 65 -1.51577e-08
67 65 -8.54998
158 65 -1.41996e-06
159 65 -3.50622e-05
160 65 -0.053615
161 65 -1.90933
162 65 -2.32405e-08
163 65 -1.24604e-06
7648 65 0.0536157
7649 65 -1.90936
7650 65 2.32403e-08
7651 65 -1.24604e-06
64 66 -8.54998
65 66 -1.51577e-08
66 66 21.085
67 66 0
68 66 -8.84041
69 66 9.68513e-07
160 66 1.24583e-06
161 66 -3.14944e-08
162 66 -1.847
163 66 0.0303463
164 66 -3.83804e-05
165 66 2.87347e-07
7648 66 1.24583e-06
7649 66 3.14943e-08
7650 66 -1.84704
7651 66 -0.0303468
64 67 1.51577e-08
65 67 -8.54998
66 67 0
67 67 21.085
68 67 -9.68513e-07
69 67 -8.84041
160 67 3.14944e-08
161 67 1.24583e-06
162 67 -0.0303463
163 67 -1.847
164 67 -2.87347e-07
165 67 -3.83804e-05
7648 67 -3.14943e-08
7649 67 1.24583e-06
7650 67 0.0303468
7651 67 -1.84704
66 68 -8.84041
67 68 -9.68513e-07
68 68 21.5543
69 68 0
70 68 -9.14377
71 68 6.01933e-08
164 68 -1.78507
165 68 0.00996966
7650 68 -2.36994e-05
7651 68 -3.14679e-07
7652 68 -1.785
7653 68 -0.00997048
7654 68 -1.68486e-05
7655 68 -3.59109e-08
66 69 9.68513e-07
67 69 -8.84041
68 69 -0
69 69 21.5543
70 69 -6.01933e-08
71 69 -9.14377
164 69 -0.00996966
165 69 -1.78507
7650 69 3.14679e-07
7651 69 -2.36994e-05
7652 69 0.00997048
7653 69 -1.785
7654 69 3.59109e-08
7655 69 -1.68486e-05
68 70 -9.14377
69 70 -6.01933e-08
70 70 22.048
71 70 0
72 70 -9.45478
73 70 -1.78397e-07
164 70 -4.3168e-05
165 70 1.8328e-07
166 70 -1.72468
167 70 0.00248669
168 70 -2.14643e-05
169 70 6.59388e-10
7654 70 -1.72472
7655 70 -0.00248684
7656 70 -2.14643e-05
7657 70 -6.60223e-10
68 71 6.01933e-08
69 71 -9.14377
70 71 -0
71 71 22.048
72 71 1.78397e-07
73 71 -9.45478
164 71 -1.8328e-07
165 71 -4.3168e-05
166 71 -0.00248669
167 71 -1.72468
168 71 -6.59388e-10
169 71 -2.14643e-05
7654 71 0.00248684
7655 71 -1.72472
7656 71 6.60223e-10
7657 71 -2.14643e-05
70 72 -9.45478
71 72 1.78397e-07
72 72 28.5814
73 72 0
74 72 -14.1543
75 72 -2.84363e-08
168 72 -2.48613
169 72 6.00577e-06
170 72 -4.21564e-05
171 72 2.56277e-08
7656 72 -2.48617
7657 72 -6.00609e-06
70 73 -1.78397e-07
71 73 -9.45478
72 73 -0
73 73 28.5814
74 73 2.84363e-08
75 73 -14.1543
168 73 -6.00577e-06
169 73 -2.48613
170 73 -2.56277e-08
171 73 -4.21564e-05
7656 73 6.00609e-06
7657 73 -2.48617
72 74 -14.1543
73 74 2.84363e-08
74 74 38.6941
75 74 0
76 74 -19.6423
77 74 -2.34415e-07
170 74 -2.45216
171 74 0.00310978
7656 74 -1.98764e-05
7657 74 5.26776e-10
7658 74 -2.40677
7659 74 -0.00305137
7660 74 -0.0385758
7661 74 -0.000152634
72 75 -2.84363e-08
73 75 -14.1543
74 75 -0
75 75 38.6941
76 75 2.34415e-07
77 75 -19.6423
170 75 -0.00310978
171 75 -2.45216
7656 75 -5.26776e-10
7657 75 -1.98764e-05
7658 75 0.00305137
7659 75 -2.40677
7660 75 0.000152634
7661 75 -0.0385758
74 76 -19.6423
75 76 2.34415e-07
76 76 46.1177
77 76 0
78 76 -20.2387
79 76 1.16924e-06
170 76 -0.0385758
171 76 7.4039e-05
172 76 -3.08274
173 76 0.016236
174 76 -5.7358e-05
175 76 5.85377e-07
7658 76 -0.0385207
7659 76 -7.39116e-05
7660 76 -3.0395
7661 76 -0.0160086
7662 76 -0.0372045
7663 76 -0.000379666
74 77 -2.34415e-07
75 77 -19.6423
76 77 -0
77 77 46.1177
78 77 -1.16924e-06
79 77 -20.2387
170 77 -7.4039e-05
171 77 -0.0385758
172 77 -0.016236
173 77 -3.08274
174 77 -5.85377e-07
175 77 -5.7358e-05
7658 77 7.39116e-05
7659 77 -0.0385207
7660 77 0.0160086
7661 77 -3.0395
7662 77 0.000379666
7663 77 -0.0372045
76 78 -20.2387
77 78 -1.16924e-06
78 78 47.1147
79 78 0
80 78 -20.8186
81 78 -7.55702e-07
172 78 -0.0371807
173 78 0.000244555
174 78 -2.99408
175 78 0.03639
7660 78 -0.0372354
7661 78 -0.000244924
7662 78 -2.95325
7663 78 -0.0358913
7664 78 -0.0352428
7665 78 -0.0006937
76 79 1.16924e-06
77 79 -20.2387
78 79 -0
79 79 47.1147
80 79 7.55702e-07
81 79 -20.8186
172 79 -0.000244555
173 79 -0.0371807
174 79 -0.03639
175 79 -2.99408
7660 79 0.000244924
7661 79 -0.0372354
7662 79 0.0358913
7663 79 -2.95325
7664 79 0.0006937
7665 79 -0.0352428
78 80 -20.8186
79 80 7.55702e-07
80 80 48.0896
81 80 0
82 80 -21.3743
83 80 -2.35879e-06
174 80 -0.0353197
175 80 0.000498142
176 80 -2.91469
177 80 0.0648187
178 80 -3.08616e-05
179 80 1.01743e-06
7662 80 -0.0352246
7663 80 -0.000496763
7664 80 -2.87733
7665 80 -0.0639882
7666 80 -0.0326651
7667 80 -0.00107689
78 81 -7.55702e-07
79 81 -20.8186
80 81 -0
81 81 48.0896
82 81 2.35879e-06
83 81 -21.3743
174 81 -0.000498142
175 81 -0.0353197
176 81 -0.0648187
177 81 -2.91469
178 81 -1.01743e-06
179 81 -3.08616e-05
7662 81 0.000496763
7663 81 -0.0352246
7664 81 0.0639882
7665 81 -2.87733
7666 81 0.00107689
7667 81 -0.0326651
80 82 -21.3743
81 82 2.35879e-06
82 82 42.4788
83 82 0
84 82 -16.7835
85 82 -1.99604e-06
176 82 -0.0326401
177 82 0.000809359
178 82 -2.09691
179 82 0.0756768
180 82 -0.0295192
181 82 0.00127478
7664 82 -0.0326401
7665 82 -0.000809356
7666 82 -2.09691
7667 82 -0.0756768
7668 82 -0.0295192
7669 82 -0.00127479
80 83 -2.35879e-06
81 83 -21.3743
82 83 -0
83 83 42.4788
84 83 1.99604e-06
85 83 -16.7835
176 83 -0.000809359
177 83 -0.0326401
178 83 -0.0756768
179 83 -2.09691
180 83 -0.00127478
181 83 -0.0295192
7664 83 0.000809356
7665 83 -0.0326401
7666 83 0.0756768
7667 83 -2.09691
7668 83 0.00127479
7669 83 -0.0295192
82 84 -16.7835
83 84 1.99604e-06
84 84 38.1247
85 84 0
86 84 -17.1144
87 84 -5.86859e-06
178 84 -0.0295048
179 84 0.00111184
180 84 -2.05592
181 84 0.0923439
182 84 -0.0258422
183 84 0.00162094
7666 84 -0.0295048
7667 84 -0.00111183
7668 84 -2.05592
7669 84 -0.092344
7670 84 -0.0258422
7671 84 -0.00162094
82 85 -1.99604e-06
83 85 -16.7835
84 85 -0
85 85 38.1247
86 85 5.86859e-06
87 85 -17.1144
178 85 -0.00111184
179 85 -0.0295048
180 85 -0.0923439
181 85 -2.05592
182 85 -0.00162094
183 85 -0.0258422
7666 85 0.00111183
7667 85 -0.0295048
7668 85 0.092344
7669 85 -2.05592
7670 85 0.00162094
7671 85 -0.0258422
84 86 -17.1144
85 86 5.86859e-06
86 86 38.6609
87 86 0
88 86 -17.3991
89 86 -5.97957e-06
180 86 -0.0258891
181 86 0.00125054
182 86 -2.02142
183 86 0.134622
184 86 -0.021749
185 86 0.00200848
7668 86 -0.0258891
7669 86 -0.00125052
7670 86 -2.02142
7671 86 -0.134621
7672 86 -0.021749
7673 86 -0.00200847
84 87 -5.86859e-06
85 87 -17.1144
86 87 -0
87 87 38.6609
88 87 5.97957e-06
89 87 -17.3991
180 87 -0.00125054
181 87 -0.0258891
182 87 -0.134622
183 87 -2.02142
184 87 -0.00200848
185 87 -0.021749
7668 87 0.00125052
7669 87 -0.0258891
7670 87 0.134621
7671 87 -2.02142
7672 87 0.00200847
7673 87 -0.021749
86 88 -17.3991
87 88 5.97957e-06
88 88 39.114
89 88 0
90 88 -17.6325
91 88 -1.57932e-05
182 88 -0.0217499
183 88 0.00153285
184 88 -1.99274
185 88 0.192614
186 88 -0.0172092
187 88 0.00234914
7670 88 -0.0217499
7671 88 -0.00153282
7672 88 -1.99274
7673 88 -0.192612
7674 88 -0.0172092
7675 88 -0.00234913
86 89 -5.97957e-06
87 89 -17.3991
88 89 -0
89 89 39.114
90 89 1.57932e-05
91 89 -17.6325
182 89 -0.00153285
183 89 -0.0217499
184 89 -0.192614
185 89 -1.99274
186 89 -0.00234914
187 89 -0.0172092
7670 89 0.00153282
7671 89 -0.0217499
7672 89 0.192612
7673 89 -1.99274
7674 89 0.00234913
7675 89 -0.0172092
88 90 -17.6325
89 90 1.57932e-05
90 90 39.4759
91 90 0
92 90 -17.8114
93 90 4.93038e-05
184 90 -0.0172929
185 90 0.00174617
186 90 -1.96649
187 90 0.277687
188 90 -0.012614
189 90 -0.00038242
7672 90 -0.0172929
7673 90 -0.00174612
7674 90 -1.96649
7675 90 -0.277681
7676 90 -0.012614
7677 90 0.000382483
88 91 -1.57932e-05
89 91 -17.6325
90 91 -0
91 91 39.4759
92 91 -4.93038e-05
93 91 -17.8114
184 91 -0.00174617
185 91 -0.0172929
186 91 -0.277687
187 91 -1.96649
188 91 0.00038242
189 91 -0.012614
7672 91 0.00174612
7673 91 -0.0172929
7674 91 0.277681
7675 91 -1.96649
7676 91 -0.000382483
7677 91 -0.012614
90 92 -17.8114
91 92 -4.93038e-05
92 92 39.7395
93 92 0
94 92 -17.9321
95 92 -7.57701e-08
186 92 -0.0125137
187 92 0.00182602
188 92 -1.97705
189 92 -0.0502892
190 92 -0.00768981
191 92 -0.000158028
7674 92 -0.0125137
7675 92 -0.00182605
7676 92 -1.97705
7677 92 0.0502883
7678 92 -0.00769328
7679 92 0.000158095
90 93 4.93038e-05
91 93 -17.8114
92 93 -0
93 93 39.7395
94 93 7.57701e-08
95 93 -17.9321
186 93 -0.00182602
187 93 -0.0125137
188 93 0.0502892
189 93 -1.97705
190 93 0.000158028
191 93 -0.00768981
7674 93 0.00182605
7675 93 -0.0125137
7676 93 -0.0502883
7677 93 -1.97705
7678 93 -0.000158095
7679 93 -0.00769328
0 94 -20.991
1 94 -0.131957
92 94 -17.9321
93 94 7.57701e-08
94 94 43.5681
95 94 0
96 94 -0.00256746
97 94 -3.62635e-05
188 94 -0.0076414
189 94 -0.000157027
190 94 -2.31313
191 94 -0.0358239
7676 94 -0.00764065
7677 94 0.000157009
7678 94 -2.31312
7679 94 0.0358228
0 95 0.131957
1 95 -20.991
92 95 -7.57701e-08
93 95 -17.9321
94 95 -0
95 95 43.5681
96 95 3.62635e-05
97 95 -0.00256746
188 95 0.000157027
189 95 -0.0076414
190 95 0.0358239
191 95 -2.31313
7676 95 -0.000157009
7677 95 -0.00764065
7678 95 -0.0358228
7679 95 -2.31312
0 96 -2.64492
1 96 -0
2 96 -0.00513493
3 96 -7.25271e-05
94 96 -0.00256746
95 96 3.62635e-05
96 96 41.2625
97 96 0
98 96 -17.9668
99 96 -0.112945
190 96 -17.9923
191 96 0.113105
192 96 -2.64502
193 96 -0
194 96 -0.00255119
195 96 3.9076e-06
286 96 -0.00255119
287 96 -3.9076e-06
0 97 0
1 97 -2.64492
2 97 7.25271e-05
3 97 -0.00513493
94 97 -3.62635e-05
95 97 -0.00256746
96 97 -0
97 97 41.2625
98 97 0.112945
99 97 -17.9668
190 97 -0.113105
191 97 -17.9923
192 97 0
193 97 -2.64502
194 97 -3.9076e-06
195 97 -0.00255119
286 97 3.9076e-06
287 97 -0.00255119
0 98 -1.3167e-05
1 98 -2.01668e-08
2 98 -2.31027
3 98 -0.0357796
4 98 -0.00768981
5 98 -0.000158028
96 98 -17.9668
97 98 0.112945
98 98 40.2046
99 98 0
100 98 -17.932
101 98 -1.1215e-05
192 98 -0.00258212
193 98 3.95552e-06
194 98 -1.97671
195 98 0.0306138
196 98 -0.00765736
197 98 0.000157361
0 99 2.01668e-08
1 99 -1.3167e-05
2 99 0.0357796
3 99 -2.31027
4 99 0.000158028
5 99 -0.00768981
96 99 -0.112945
97 99 -17.9668
98 99 -0
99 99 40.2046
100 99 1.1215e-05
101 99 -17.932
192 99 -3.95552e-06
193 99 -0.00258212
194 99 -0.0306138
195 99 -1.97671
196 99 -0.000157361
197 99 -0.00765736
2 100 -0.0076414
3 100 -0.000157027
4 100 -1.97705
5 100 -0.0502892
6 100 0.012614
7 100 0.00038242
98 100 -17.932
99 100 1.1215e-05
100 100 39.7394
101 100 0
102 100 17.5386
103 100 3.10476
194 100 -0.00771702
195 100 0.000158591
196 100 -1.97707
197 100 0.0502928
198 100 0.012094
199 100 0.00389985
2 101 0.000157027
3 101 -0.0076414
4 101 0.0502892
5 101 -1.97705
6 101 -0.00038242
7 101 0.012614
98 101 -1.1215e-05
99 101 -17.932
100 101 -0
101 101 39.7394
102 101 -3.10476
103 101 17.5386
194 101 -0.000158591
195 101 -0.00771702
196 101 -0.0502928
197 101 -1.97707
198 101 -0.00389985
199 101 0.012094
4 102 0.0125137
5 102 -0.00182602
6 102 -1.96649
7 102 0.277687
8 102 -0.0172092
9 102 0.00234914
100 102 17.5386
101 102 -3.10476
102 102 39.4759
103 102 0
104 102 -17.6218
105 102 0.617585
196 102 0.0123444
197 102 -0.00257339
198 102 -1.96874
199 102 -0.261605
200 102 -0.0173161
201 102 -0.0010737
4 103 0.00182602
5 103 0.0125137
6 103 -0.277687
7 103 -1.96649
8 103 -0.00234914
9 103 -0.0172092
100 103 3.10476
101 103 17.5386
102 103 -0
103 103 39.4759
104 103 -0.617585
105 103 -17.6218
196 103 0.00257339
197 103 0.0123444
198 103 0.261605
199 103 -1.96874
200 103 0.0010737
201 103 -0.0173161
6 104 -0.0172929
7 104 0.00174617
8 104 -1.99274
9 104 0.192614
10 104 -0.021749
11 104 0.00200848
102 104 -17.6218
103 104 -0.617585
104 104 39.1141
105 104 0
106 104 -17.395
107 104 0.378
198 104 -0.0171505
199 104 -0.00281214
200 104 -1.99327
201 104 -0.185273
202 104 -0.0218588
203 104 -0.00102393
6 105 -0.00174617
7 105 -0.0172929
8 105 -0.192614
9 105 -1.99274
10 105 -0.00200848
11 105 -0.021749
102 105 0.617585
103 105 -17.6218
104 105 -0
105 105 39.1141
106 105 -0.378
107 105 -17.395
198 105 0.00281214
199 105 -0.0171505
200 105 0.185273
201 105 -1.99327
202 105 0.00102393
203 105 -0.0218588
8 106 -0.0217499
9 106 0.00153285
10 106 -2.02142
11 106 0.134622
12 106 -0.0258422
13 106 0.00162094
104 106 -17.395
105 106 -0.378
106 106 38.6606
107 106 0
108 106 -17.1123
109 106 0.246034
200 106 -0.0216972
201 106 -0.00239941
202 106 -2.02178
203 106 -0.130941
204 106 -0.0259156
205 106 -0.000853767
8 107 -0.00153285
9 107 -0.0217499
10 107 -0.134622
11 107 -2.02142
12 107 -0.00162094
13 107 -0.0258422
104 107 0.378
105 107 -17.395
106 107 -0
107 107 38.6606
108 107 -0.246034
109 107 -17.1123
200 107 0.00239941
201 107 -0.0216972
202 107 0.130941
203 107 -2.02178
204 107 0.000853767
205 107 -0.0259156
10 108 -0.0258891
11 108 0.00125054
12 108 -2.05592
13 108 0.0923439
14 108 -0.0295192
15 108 0.00127478
106 108 -17.1123
107 108 -0.246034
108 108 38.1245
109 108 0
110 108 -16.7833
111 108 0.0921856
202 108 -0.025809
203 108 -0.00194437
204 108 -2.05601
205 108 -0.0903758
206 108 -0.029512
207 108 -0.000929352
10 109 -0.00125054
11 109 -0.0258891
12 109 -0.0923439
13 109 -2.05592
14 109 -0.00127478
15 109 -0.0295192
106 109 0.246034
107 109 -17.1123
108 109 -0
109 109 38.1245
110 109 -0.0921856
111 109 -16.7833
202 109 0.00194437
203 109 -0.025809
204 109 0.0903758
205 109 -2.05601
206 109 0.000929352
207 109 -0.029512
12 110 -0.0295048
13 110 0.00111184
14 110 -2.09691
15 110 0.0756768
16 110 -0.0326651
17 110 0.00107688
108 110 -16.7833
109 110 -0.0921856
110 110 42.4788
111 110 0
112 110 -21.3736
113 110 0.174502
204 110 -0.0294963
205 110 -0.00140785
206 110 -2.09697
207 110 -0.074225
208 110 -0.0326438
209 110 -0.00053106
12 111 -0.00111184
13 111 -0.0295048
14 111 -0.0756768
15 111 -2.09691
16 111 -0.00107688
17 111 -0.0326651
108 111 0.0921856
109 111 -16.7833
110 111 -0
111 111 42.4788
112 111 -0.174502
113 111 -21.3736
204 111 0.00140785
205 111 -0.0294963
206 111 0.074225
207 111 -2.09697
208 111 0.00053106
209 111 -0.0326438
14 112 -0.0326401
15 112 0.000809359
16 112 -2.87726
17 112 0.0639862
18 112 -0.0352256
19 112 0.000693354
110 112 -21.3736
111 112 -0.174502
112 112 48.0846
113 112 0
114 112 -20.818
115 112 0.116121
206 112 -0.0326882
207 112 -0.00132221
208 112 -2.87742
209 112 -0.0629526
210 112 -0.035263
211 112 -0.000294432
14 113 -0.000809359
15 113 -0.0326401
16 113 -0.0639862
17 113 -2.87726
18 113 -0.000693354
19 113 -0.0352256
110 113 0.174502
111 113 -21.3736
112 113 -0
113 113 48.0846
114 113 -0.116121
115 113 -20.818
206 113 0.00132221
207 113 -0.0326882
208 113 0.0629526
209 113 -2.87742
210 113 0.000294432
211 113 -0.035263
16 114 -0.0352982
17 114 0.000497839
18 114 -2.95335
19 114 0.0358951
20 114 -0.0372432
21 114 0.000380092
112 114 -20.818
113 114 -0.116121
114 114 47.1093
115 114 0
116 114 -20.2388
117 114 0.0734243
208 114 -0.0352004
209 114 -0.000876613
210 114 -2.95323
211 114 -0.0353758
212 114 -0.0371966
213 114 -0.000107124
16 115 -0.000497839
17 115 -0.0352982
18 115 -0.0358951
19 115 -2.95335
20 115 -0.000380092
21 115 -0.0372432
112 115 0.116121
113 115 -20.818
114 115 -0
115 115 47.1093
116 115 -0.0734243
117 115 -20.2388
208 115 0.000876613
209 115 -0.0352004
210 115 0.0353758
211 115 -2.95323
212 115 0.000107124
213 115 -0.0371966
18 116 -0.0371807
19 116 0.000244555
20 116 -3.03942
21 116 0.0160079
22 116 -0.038532
23 116 0.000152457
114 116 -20.2388
115 116 -0.0734243
116 116 46.1114
117 116 0
118 116 -19.6418
119 116 0.0400171
210 116 -0.0372755
211 116 -0.000509141
212 116 -3.03943
213 116 -0.0157966
214 116 -0.038604
215 116 5.1852e-06
18 117 -0.000244555
19 117 -0.0371807
20 117 -0.0160079
21 117 -3.03942
22 117 -0.000152457
23 117 -0.038532
114 117 0.0734243
115 117 -20.2388
116 117 -0
117 117 46.1114
118 117 -0.0400171
119 117 -19.6418
210 117 0.000509141
211 117 -0.0372755
212 117 0.0157966
213 117 -3.03943
214 117 -5.1852e-06
215 117 -0.038604
20 118 -0.0385676
21 118 7.40233e-05
22 118 -2.40686
23 118 0.00305234
24 118 -4.21564e-05
25 118 2.56277e-08
116 118 -19.6418
117 118 -0.0400171
118 118 38.6872
119 118 0
120 118 -14.1545
121 118 0.00897995
212 118 -0.0385272
213 118 -0.00022826
214 118 -2.40681
215 118 -0.00301348
20 119 -7.40233e-05
21 119 -0.0385676
22 119 -0.00305234
23 119 -2.40686
24 119 -2.56277e-08
25 119 -4.21564e-05
116 119 0.0400171
117 119 -19.6418
118 119 -0
119 119 38.6872
120 119 -0.00897995
121 119 -14.1545
212 119 0.00022826
213 119 -0.0385272
214 119 0.00301348
215 119 -2.40681
24 120 -2.48613
25 120 6.00577e-06
26 120 -2.14643e-05
27 120 6.59388e-10
118 120 -14.1545
119 120 -0.00897995
120 120 28.5818
121 120 0
122 120 -9.45495
123 120 -0.00682586
214 120 -5.32928e-05
215 120 -6.53565e-08
216 120 -2.48607
217 120 -5.95363e-06
218 120 4.74191e-07
219 120 6.90677e-10
24 121 -6.00577e-06
25 121 -2.48613
26 121 -6.59388e-10
27 121 -2.14643e-05
118 121 0.00897995
119 121 -14.1545
120 121 0
121 121 28.5818
122 121 0.00682586
123 121 -9.45495
214 121 6.53565e-08
215 121 -5.32928e-05
216 121 5.95363e-06
217 121 -2.48607
218 121 -6.90677e-10
219 121 4.74191e-07
26 122 -1.72468
27 122 0.00248669
120 122 -9.45495
121 122 0.00682586
122 122 22.0482
123 122 0
124 122 -9.14373
125 122 -0.0193334
216 122 -4.74191e-07
217 122 3.27719e-10
218 122 -1.72472
219 122 -0.00245561
220 122 -7.00103e-05
221 122 -4.40131e-07
26 123 -0.00248669
27 123 -1.72468
120 123 -0.00682586
121 123 -9.45495
122 123 -0
123 123 22.0482
124 123 0.0193334
125 123 -9.14373
216 123 -3.27719e-10
217 123 -4.74191e-07
218 123 0.00245561
219 123 -1.72472
220 123 4.40131e-07
221 123 -7.00103e-05
26 124 -4.3168e-05
27 124 1.8328e-07
28 124 -1.78507
29 124 0.00996966
30 124 -3.83804e-05
31 124 2.87347e-07
122 124 -9.14373
123 124 0.0193334
124 124 21.5542
125 124 0
126 124 -8.84009
127 124 -0.0511886
220 124 -1.78499
221 124 -0.00983808
26 125 -1.8328e-07
27 125 -4.3168e-05
28 125 -0.00996966
29 125 -1.78507
30 125 -2.87347e-07
31 125 -3.83804e-05
122 125 -0.0193334
123 125 -9.14373
124 125 -0
125 125 21.5542
126 125 0.0511886
127 125 -8.84009
220 125 0.00983808
221 125 -1.78499
30 126 -1.847
31 126 0.0303463
32 126 -1.24604e-06
33 126 2.32405e-08
124 126 -8.84009
125 126 0.0511886
126 126 21.0849
127 126 0
128 126 -8.54991
129 126 -0.0566457
220 126 -5.23221e-05
221 126 -8.49026e-08
222 126 -1.84703
223 126 -0.0298874
30 127 -0.0303463
31 127 -1.847
32 127 -2.32405e-08
33 127 -1.24604e-06
124 127 -0.0511886
125 127 -8.84009
126 127 -0
127 127 21.0849
128 127 0.0566457
129 127 -8.54991
220 127 8.49026e-08
221 127 -5.23221e-05
222 127 0.0298874
223 127 -1.84703
30 128 1.24583e-06
31 128 -3.14944e-08
32 128 -1.90933
33 128 0.053615
126 128 -8.54991
127 128 0.0566457
128 128 20.6479
129 128 0
130 128 -8.27715
131 128 -0.0794696
222 128 -2.72093e-05
223 128 -3.20413e-07
224 128 -1.90942
225 128 -0.0526801
226 128 -9.03777e-06
227 128 -4.44587e-07
30 129 3.14944e-08
31 129 1.24583e-06
32 129 -0.053615
33 129 -1.90933
126 129 -0.0566457
127 129 -8.54991
128 129 0
129 129 20.6479
130 129 0.0794696
131 129 -8.27715
222 129 3.20413e-07
223 129 -2.72093e-05
224 129 0.0526801
225 129 -1.90942
226 129 4.44587e-07
227 129 -9.03777e-06
32 130 -3.50622e-05
33 130 1.41996e-06
34 130 -1.97027
35 130 0.0863741
128 130 -8.27715
129 130 0.0794696
130 130 20.2502
131 130 0
132 130 8.02813
133 130 0.0617553
226 130 -1.97028
227 130 -0.0845497
32 131 -1.41996e-06
33 131 -3.50622e-05
34 131 -0.0863741
35 131 -1.97027
128 131 -0.0794696
129 131 -8.27715
130 131 -0
131 131 20.2502
132 131 0.0617553
133 131 -8.02813
226 131 0.0845497
227 131 -1.97028
34 132 5.19726e-06
35 132 2.78283e-07
36 132 -2.02856
37 132 -0.113021
38 132 -4.59284e-05
39 132 -2.72576e-06
130 132 8.02813
131 132 0.0617553
132 132 19.8971
133 132 0
134 132 -7.80413
135 132 0.138079
226 132 7.45865e-06
227 132 -2.77472e-07
228 132 -2.02862
229 132 0.110278
34 133 2.78283e-07
35 133 -5.19726e-06
36 133 0.113021
37 133 -2.02856
38 133 2.72576e-06
39 133 -4.59284e-05
130 133 0.0617553
131 133 -8.02813
132 133 -0
133 133 19.8971
134 133 -0.138079
135 133 -7.80413
226 133 -2.77472e-07
227 133 -7.45865e-06
228 133 -0.110278
229 133 -2.02862
38 134 -2.0799
39 134 -0.1689
132 134 -7.80413
133 134 -0.138079
134 134 19.5931
135 134 0
136 134 -7.61118
137 134 0.209244
228 134 -4.18646e-05
229 134 1.68545e-06
230 134 -2.08037
231 134 0.163448
232 134 -8.86425e-05
233 134 1.20014e-05
38 135 0.1689
39 135 -2.0799
132 135 0.138079
133 135 -7.80413
134 135 -0
135 135 19.5931
136 135 -0.209244
137 135 -7.61118
228 135 -1.68545e-06
229 135 -4.18646e-05
230 135 -0.163448
231 135 -2.08037
232 135 -1.20014e-05
233 135 -8.86425e-05
38 136 -7.27391e-06
39 136 -8.22359e-07
40 136 -2.12096
41 136 -0.249319
42 136 -4.59719e-06
43 136 -5.61111e-07
134 136 -7.61118
135 136 -0.209244
136 136 19.3418
137 136 0
138 136 -7.3658
139 136 -1.16045
232 136 -2.12227
233 136 0.237668
38 137 8.22359e-07
39 137 -7.27391e-06
40 137 0.249319
41 137 -2.12096
42 137 5.61111e-07
43 137 -4.59719e-06
134 137 0.209244
135 137 -7.61118
136 137 -0
137 137 19.3418
138 137 1.16045
139 137 -7.3658
232 137 -0.237668
233 137 -2.12227
42 138 -2.17501
43 138 0.0654216
44 138 -5.44148e-05
45 138 1.37847e-06
136 138 -7.3658
137 138 1.16045
138 138 19.1448
139 138 0
140 138 -7.33617
141 138 -3.80081e-06
232 138 -1.58307e-05
233 138 4.41923e-06
234 138 -2.1749
235 138 -0.0654204
236 138 -1.89572e-06
237 138 -4.80246e-08
42 139 -0.0654216
43 139 -2.17501
44 139 -1.37847e-06
45 139 -5.44148e-05
136 139 -1.16045
137 139 -7.3658
138 139 -0
139 139 19.1448
140 139 3.80081e-06
141 139 -7.33617
232 139 -4.41923e-06
233 139 -1.58307e-05
234 139 0.0654204
235 139 -2.1749
236 139 4.80246e-08
237 139 -1.89572e-06
44 140 -2.20575
45 140 0.0449356
138 140 -7.33617
139 140 3.80081e-06
140 140 19.0034
141 140 0
142 140 -7.25468
143 140 -3.27032e-07
234 140 1.89571e-06
235 140 4.80237e-08
236 140 -2.2059
237 140 -0.0449381
238 140 -3.33815e-05
239 140 -5.14294e-07
44 141 -0.0449356
45 141 -2.20575
138 141 -3.80081e-06
139 141 -7.33617
140 141 0
141 141 19.0034
142 141 3.27032e-07
143 141 -7.25468
234 141 -4.80237e-08
235 141 1.89571e-06
236 141 0.0449381
237 141 -2.2059
238 141 5.14294e-07
239 141 -3.33815e-05
44 142 -1.96825e-05
45 142 3.03246e-07
46 142 -2.225
47 142 0.022942
140 142 -7.25468
141 142 3.27032e-07
142 142 18.9184
143 142 0
144 142 -7.21346
145 142 0.000593645
238 142 -2.225
239 142 -0.0229413
44 143 -3.03246e-07
45 143 -1.96825e-05
46 143 -0.022942
47 143 -2.225
140 143 -3.27032e-07
141 143 -7.25468
142 143 -0
143 143 18.9184
144 143 -0.000593645
145 143 -7.21346
238 143 0.0229413
239 143 -2.225
46 144 -1.07942e-05
47 144 5.50004e-08
48 144 -2.23153
49 144 -0
50 144 -1.07942e-05
51 144 -5.50004e-08
142 144 -7.21346
143 144 -0.000593645
144 144 18.8899
145 144 0
146 144 -7.21346
147 144 0.000593645
238 144 -2.55066e-05
239 144 -1.34167e-07
240 144 -2.23142
241 144 -0
242 144 -2.55066e-05
243 144 1.34167e-07
46 145 -5.50004e-08
47 145 -1.07942e-05
48 145 0
49 145 -2.23153
50 145 5.50004e-08
51 145 -1.07942e-05
142 145 0.000593645
143 145 -7.21346
144 145 -0
145 145 18.8899
146 145 -0.000593645
147 145 -7.21346
238 145 1.34167e-07
239 145 -2.55066e-05
240 145 0
241 145 -2.23142
242 145 -1.34167e-07
243 145 -2.55066e-05
50 146 -2.225
51 146 -0.022942
52 146 -1.96825e-05
53 146 -3.03246e-07
144 146 -7.21346
145 146 -0.000593645
146 146 18.9184
147 146 0
148 146 -7.25468
149 146 -3.27032e-07
242 146 -2.225
243 146 0.0229413
50 147 0.022942
51 147 -2.225
52 147 3.03246e-07
53 147 -1.96825e-05
144 147 0.000593645
145 147 -7.21346
146 147 -0
147 147 18.9184
148 147 3.27032e-07
149 147 -7.25468
242 147 -0.0229413
