0 0 47.2549
1 0 -20.9659
47 0 -20.9914
48 0 -2.64492
49 0 -1.3167e-05
95 0 -1.97505e-05
3792 0 -2.64491
3793 0 -0.00515509
3839 0 -0.00258697
0 1 -20.9659
1 1 43.5395
2 1 -17.9321
48 1 -0.00513544
49 1 -2.31055
50 1 -0.00764301
3793 1 -2.31054
3794 1 -0.00764227
1 2 -17.9321
2 2 39.7395
3 2 -17.8114
49 2 -0.00769143
50 2 -1.97769
51 2 -0.0126463
3793 2 -0.00769491
3794 2 -1.97769
3795 2 -0.0126463
2 3 -17.8114
3 3 39.4759
4 3 -17.6325
50 3 -0.0126198
51 3 -1.986
52 3 -0.0173808
3794 3 -0.0126198
3795 3 -1.986
3796 3 -0.0173808
3 4 -17.6325
4 4 39.114
5 4 -17.3991
51 4 -0.0173688
52 4 -2.00202
53 4 -0.0218038
3795 4 -0.0173688
3796 4 -2.00202
3797 4 -0.0218038
4 5 -17.3991
5 5 38.6609
6 5 -17.1144
52 5 -0.0218416
53 5 -2.0259
54 5 -0.0259192
3796 5 -0.0218416
3797 5 -2.0259
3798 5 -0.0259192
5 6 -17.1144
6 6 38.1247
7 6 -16.7835
53 6 -0.025893
54 6 -2.058
55 6 -0.0295257
3797 6 -0.025893
3798 6 -2.058
3799 6 -0.0295257
6 7 -16.7835
7 7 42.4788
8 7 -21.3743
54 7 -0.0295467
55 7 -2.09827
56 7 -0.0326501
3798 7 -0.0295467
3799 7 -2.09827
3800 7 -0.0326501
7 8 -21.3743
8 8 48.0896
9 8 -20.8186
55 8 -0.0326828
56 8 -2.87797
57 8 -0.0353017
3799 8 -3.08784e-05
3800 8 -2.91551
3801 8 -0.0352281
8 9 -20.8186
9 9 47.1147
10 9 -20.2387
56 9 -0.0352324
57 9 -2.95357
58 9 -0.0371815
3800 9 -2.57843e-05
3801 9 -2.99417
3802 9 -0.037248
9 10 -20.2387
10 10 46.1177
11 10 -19.6423
57 10 -0.0372451
58 10 -3.03946
59 10 -0.0385677
3802 10 -3.08289
3803 10 -0.0385208
10 11 -19.6423
11 11 38.6941
12 11 -14.1543
58 11 -0.0385323
59 11 -2.40686
3802 11 -6.56047e-05
3803 11 -2.45204
3804 11 -1.98764e-05
11 12 -14.1543
12 12 28.5814
13 12 -9.45478
59 12 -4.21564e-05
60 12 -2.48613
3804 12 -2.48617
12 13 -9.45478
13 13 22.048
14 13 -9.14377
60 13 -2.14643e-05
61 13 -1.72468
62 13 -4.31684e-05
3804 13 -2.14643e-05
3805 13 -1.72473
13 14 -9.14377
14 14 21.5543
15 14 -8.84041
62 14 -1.78509
3805 14 -1.68486e-05
3806 14 -1.78503
3807 14 -2.37015e-05
14 15 -8.84041
15 15 21.085
16 15 -8.54998
62 15 -3.83815e-05
63 15 -1.84724
64 15 1.24623e-06
3807 15 -1.84728
3808 15 1.24623e-06
15 16 -8.54998
16 16 20.648
17 16 -8.27777
63 16 -1.24626e-06
64 16 -1.91008
65 16 -3.50909e-05
3807 16 -1.24626e-06
3808 16 -1.91012
16 17 -8.27777
17 17 20.2502
18 17 -8.02809
65 17 -1.97216
66 17 -5.20471e-06
3808 17 -2.5006e-05
3809 17 -1.97211
3810 17 -7.00569e-06
17 18 -8.02809
18 18 19.8971
19 18 -7.80564
66 18 -2.03171
3810 18 -2.03166
3811 18 -1.58813e-05
18 19 -7.80564
19 19 19.5933
20 19 -7.61411
66 19 -4.60092e-05
67 19 -2.08674
68 19 -7.32025e-06
3811 19 -2.08679
3812 19 -7.32025e-06
19 20 -7.61411
20 20 19.3418
21 20 -7.45658
68 20 -2.13557
3812 20 -2.13557
20 21 -7.45658
21 21 19.1448
22 21 -7.33623
68 21 -4.63131e-06
69 21 -2.17599
3812 21 -6.51593e-05
3813 21 -2.17589
3814 21 -7.09292e-06
21 22 -7.33623
22 22 19.0035
23 22 -7.25471
69 22 -5.44323e-05
70 22 -2.2062
71 22 -1.96848e-05
3814 22 -2.20626
3815 22 -1.96848e-05
22 23 -7.25471
23 23 18.9184
24 23 -7.21346
71 23 -2.22512
72 23 -1.07943e-05
3815 23 -2.22513
23 24 -7.21346
24 24 18.8899
25 24 -7.21346
72 24 -2.23153
3815 24 -5.02295e-05
3816 24 -2.23139
3817 24 -5.02295e-05
24 25 -7.21346
25 25 18.9184
26 25 -7.25471
72 25 -1.07943e-05
73 25 -2.22512
3817 25 -2.22513
25 26 -7.25471
26 26 19.0035
27 26 -7.33623
73 26 -1.96848e-05
74 26 -2.2062
75 26 -5.44323e-05
3817 26 -1.96848e-05
3818 26 -2.20626
26 27 -7.33623
27 27 19.1448
28 27 -7.45658
75 27 -2.17599
76 27 -4.63131e-06
3818 27 -7.09292e-06
3819 27 -2.17589
3820 27 -6.51593e-05
27 28 -7.45658
28 28 19.3418
29 28 -7.61411
76 28 -2.13557
3820 28 -2.13557
28 29 -7.61411
29 29 19.5933
30 29 -7.80564
76 29 -7.32025e-06
77 29 -2.08674
78 29 -4.60092e-05
3820 29 -7.32025e-06
3821 29 -2.08679
29 30 -7.80564
30 30 19.8971
31 30 -8.02809
78 30 -2.03171
3821 30 -1.58813e-05
3822 30 -2.03166
30 31 -8.02809
31 31 20.2502
32 31 -8.27777
78 31 -5.20471e-06
79 31 -1.97216
3822 31 -7.00569e-06
3823 31 -1.97211
3824 31 -2.5006e-05
31 32 -8.27777
32 32 20.648
33 32 -8.54998
79 32 -3.50909e-05
80 32 -1.91008
81 32 -1.24626e-06
3824 32 -1.91012
3825 32 -1.24626e-06
32 33 -8.54998
33 33 21.085
34 33 -8.84041
80 33 1.24623e-06
81 33 -1.84724
82 33 -3.83815e-05
3824 33 1.24623e-06
3825 33 -1.84728
33 34 -8.84041
34 34 21.5543
35 34 -9.14377
82 34 -1.78509
3825 34 -2.37015e-05
3826 34 -1.78503
3827 34 -1.68486e-05
34 35 -9.14377
35 35 22.048
36 35 -9.45478
82 35 -4.31684e-05
83 35 -1.72468
84 35 -2.14643e-05
3827 35 -1.72473
3828 35 -2.14643e-05
35 36 -9.45478
36 36 28.5814
37 36 -14.1543
84 36 -2.48613
85 36 -4.21564e-05
3828 36 -2.48617
36 37 -14.1543
37 37 38.6941
38 37 -19.6423
85 37 -2.45216
3828 37 -1.98764e-05
3829 37 -2.40677
3830 37 -0.0385761
37 38 -19.6423
38 38 46.1177
39 38 -20.2387
85 38 -0.0385759
86 38 -3.08278
87 38 -5.7361e-05
3829 38 -0.0385208
3830 38 -3.03954
3831 38 -0.0372065
38 39 -20.2387
39 39 47.1147
40 39 -20.8186
86 39 -0.0371815
87 39 -2.9943
3830 39 -0.0372362
3831 39 -2.95347
3832 39 -0.0352496
39 40 -20.8186
40 40 48.0896
41 40 -21.3743
87 40 -0.0353232
88 40 -2.91541
89 40 -3.08784e-05
3831 40 -0.0352281
3832 40 -2.87804
3833 40 -0.0326828
40 41 -21.3743
41 41 42.4788
42 41 -16.7835
88 41 -0.0326501
89 41 -2.09827
90 41 -0.0295467
3832 41 -0.0326501
3833 41 -2.09827
3834 41 -0.0295467
41 42 -16.7835
42 42 38.1247
43 42 -17.1144
89 42 -0.0295257
90 42 -2.058
91 42 -0.025893
3833 42 -0.0295257
3834 42 -2.058
3835 42 -0.025893
42 43 -17.1144
43 43 38.6609
44 43 -17.3991
90 43 -0.0259192
91 43 -2.0259
92 43 -0.0218416
3834 43 -0.0259192
3835 43 -2.0259
3836 43 -0.0218416
43 44 -17.3991
44 44 39.114
45 44 -17.6325
91 44 -0.0218038
92 44 -2.00202
93 44 -0.0173688
3835 44 -0.0218038
3836 44 -2.00202
3837 44 -0.0173688
44 45 -17.6325
45 45 39.4759
46 45 -17.8114
92 45 -0.0173808
93 45 -1.986
94 45 -0.0126198
3836 45 -0.0173808
3837 45 -1.986
3838 45 -0.0126198
45 46 -17.8114
46 46 39.7395
47 46 -17.9321
93 46 -0.0126463
94 46 -1.97769
95 46 -0.00769143
3837 46 -0.0126463
3838 46 -1.97769
3839 46 -0.00769491
0 47 -20.9914
46 47 -17.9321
47 47 43.5681
48 47 -0.00256772
94 47 -0.00764301
95 47 -2.3134
3838 47 -0.00764227
3839 47 -2.3134
0 48 -2.64492
1 48 -0.00513544
47 48 -0.00256772
48 48 41.2625
49 48 -17.9671
95 48 -17.9926
96 48 -2.64502
97 48 -0.0025512
143 48 -0.0025512
0 49 -1.3167e-05
1 49 -2.31055
2 49 -0.00769143
48 49 -17.9671
49 49 40.2046
50 49 -17.932
96 49 -0.00258212
97 49 -1.97695
98 49 -0.00765898
1 50 -0.00764301
2 50 -1.97769
3 50 -0.0126198
49 50 -17.932
50 50 39.7394
51 50 -17.8113
97 50 -0.00771865
98 50 -1.97771
99 50 -0.0127072
2 51 -0.0126463
3 51 -1.986
4 51 -0.0173688
50 51 -17.8113
51 51 39.4759
52 51 -17.6326
98 51 -0.0126098
99 51 -1.98605
100 51 -0.0173494
3 52 -0.0173808
4 52 -2.00202
5 52 -0.0218416
51 52 -17.6326
52 52 39.1141
53 52 -17.3991
99 52 -0.0173795
100 52 -2.00186
101 52 -0.0218828
4 53 -0.0218038
5 53 -2.0259
6 53 -0.025893
52 53 -17.3991
53 53 38.6606
54 53 -17.1141
100 53 -0.0218294
101 53 -2.02601
102 53 -0.0259297
5 54 -0.0259192
6 54 -2.058
7 54 -0.0295467
53 54 -17.1141
54 54 38.1245
55 54 -16.7835
101 54 -0.0258822
102 54 -2.058
103 54 -0.0295266
6 55 -0.0295257
7 55 -2.09827
8 55 -0.0326828
54 55 -16.7835
55 55 42.4788
56 55 -21.3743
102 55 -0.0295299
103 55 -2.09829
104 55 -0.0326482
7 56 -0.0326501
8 56 -2.87797
9 56 -0.0352324
55 56 -21.3743
56 56 48.0846
57 56 -20.8183
103 56 -0.032715
104 56 -2.8781
105 56 -0.0352642
8 57 -0.0353017
9 57 -2.95357
10 57 -0.0372451
56 57 -20.8183
57 57 47.1093
58 57 -20.239
104 57 -0.0352113
105 57 -2.95344
106 57 -0.0371967
9 58 -0.0371815
10 58 -3.03946
11 58 -0.0385323
57 58 -20.239
58 58 46.1114
59 58 -19.6419
105 58 -0.0372789
106 58 -3.03947
107 58 -0.038604
10 59 -0.0385677
11 59 -2.40686
12 59 -4.21564e-05
58 59 -19.6419
59 59 38.6872
60 59 -14.1545
106 59 -0.0385279
107 59 -2.40682
12 60 -2.48613
13 60 -2.14643e-05
59 60 -14.1545
60 60 28.5818
61 60 -9.45495
107 60 -5.32928e-05
108 60 -2.48607
109 60 4.74191e-07
13 61 -1.72468
60 61 -9.45495
61 61 22.0482
62 61 -9.14375
108 61 -4.74191e-07
109 61 -1.72472
110 61 -7.00117e-05
13 62 -4.31684e-05
14 62 -1.78509
15 62 -3.83815e-05
61 62 -9.14375
62 62 21.5542
63 62 -8.84024
110 62 -1.78502
15 63 -1.84724
16 63 -1.24626e-06
62 63 -8.84024
63 63 21.0849
64 63 -8.5501
110 63 -5.23221e-05
111 63 -1.84727
15 64 1.24623e-06
16 64 -1.91008
63 64 -8.5501
64 64 20.6479
65 64 -8.27753
111 64 -2.72112e-05
112 64 -1.91015
113 64 -9.0487e-06
16 65 -3.50909e-05
17 65 -1.97216
64 65 -8.27753
65 65 20.2502
66 65 -8.02837
113 65 -1.97209
17 66 -5.20471e-06
18 66 -2.03171
19 66 -4.60092e-05
65 66 -8.02837
66 66 19.8971
67 66 -7.80535
113 66 -7.46381e-06
114 66 -2.03161
19 67 -2.08674
66 67 -7.80535
67 67 19.5931
68 67 -7.61406
114 67 -4.18985e-05
115 67 -2.08679
116 67 -8.94513e-05
19 68 -7.32025e-06
20 68 -2.13557
21 68 -4.63131e-06
67 68 -7.61406
68 68 19.3418
69 68 -7.45665
116 68 -2.13554
21 69 -2.17599
22 69 -5.44323e-05
68 69 -7.45665
69 69 19.1448
70 69 -7.33617
116 69 -1.6436e-05
117 69 -2.17588
118 69 -1.89633e-06
22 70 -2.2062
69 70 -7.33617
70 70 19.0034
71 70 -7.25468
117 70 1.89632e-06
118 70 -2.20636
119 70 -3.33855e-05
22 71 -1.96848e-05
23 71 -2.22512
70 71 -7.25468
71 71 18.9184
72 71 -7.21346
119 71 -2.22511
23 72 -1.07943e-05
24 72 -2.23153
25 72 -1.07943e-05
71 72 -7.21346
72 72 18.8899
73 72 -7.21346
119 72 -2.55069e-05
120 72 -2.23142
121 72 -2.55069e-05
25 73 -2.22512
26 73 -1.96848e-05
72 73 -7.21346
73 73 18.9184
74 73 -7.25468
121 73 -2.22511
26 74 -2.2062
73 74 -7.25468
74 74 19.0034
75 74 -7.33617
121 74 -3.33855e-05
122 74 -2.20636
123 74 1.89632e-06
26 75 -5.44323e-05
27 75 -2.17599
74 75 -7.33617
75 75 19.1448
76 75 -7.45665
122 75 -1.89633e-06
123 75 -2.17588
124 75 -1.6436e-05
27 76 -4.63131e-06
28 76 -2.13557
29 76 -7.32025e-06
75 76 -7.45665
76 76 19.3418
77 76 -7.61406
124 76 -2.13554
29 77 -2.08674
76 77 -7.61406
77 77 19.5931
78 77 -7.80535
124 77 -8.94513e-05
125 77 -2.08679
126 77 -4.18985e-05
29 78 -4.60092e-05
30 78 -2.03171
31 78 -5.20471e-06
77 78 -7.80535
78 78 19.8971
79 78 -8.02837
126 78 -2.03161
127 78 -7.46381e-06
31 79 -1.97216
32 79 -3.50909e-05
78 79 -8.02837
79 79 20.2502
80 79 -8.27753
127 79 -1.97209
32 80 -1.91008
33 80 1.24623e-06
79 80 -8.27753
80 80 20.6479
81 80 -8.5501
127 80 -9.0487e-06
128 80 -1.91015
129 80 -2.72112e-05
32 81 -1.24626e-06
33 81 -1.84724
80 81 -8.5501
81 81 21.0849
82 81 -8.84024
129 81 -1.84727
130 81 -5.23221e-05
33 82 -3.83815e-05
34 82 -1.78509
35 82 -4.31684e-05
81 82 -8.84024
82 82 21.5542
83 82 -9.14375
130 82 -1.78502
35 83 -1.72468
82 83 -9.14375
83 83 22.0482
84 83 -9.45495
130 83 -7.00117e-05
131 83 -1.72472
132 83 -4.74191e-07
35 84 -2.14643e-05
36 84 -2.48613
83 84 -9.45495
84 84 28.5818
85 84 -14.1545
131 84 4.74191e-07
132 84 -2.48607
133 84 -5.32928e-05
36 85 -4.21564e-05
37 85 -2.45216
38 85 -0.0385759
84 85 -14.1545
85 85 38.9974
86 85 -19.9
133 85 -2.45211
38 86 -3.08278
39 86 -0.0371815
85 86 -19.9
86 86 46.6428
87 86 -20.5014
133 86 -0.0386332
134 86 -3.08277
135 86 -9.15953e-05
38 87 -5.7361e-05
39 87 -2.9943
40 87 -0.0353232
86 87 -20.5014
87 87 47.6422
88 87 -21.0798
134 87 -0.0371967
135 87 -2.99414
40 88 -2.91541
41 88 -0.0326501
87 88 -21.0798
88 88 48.6073
89 88 -21.6286
135 88 -0.0352833
136 88 -2.91554
137 88 -7.53091e-05
40 89 -3.08784e-05
41 89 -2.09827
42 89 -0.0295257
88 89 -21.6286
89 89 42.7004
90 89 -16.7835
136 89 -0.0326482
137 89 -2.09829
138 89 -0.0295299
41 90 -0.0295467
42 90 -2.058
43 90 -0.0259192
89 90 -16.7835
90 90 38.1245
91 90 -17.1141
137 90 -0.0295266
138 90 -2.058
139 90 -0.0258822
42 91 -0.025893
43 91 -2.0259
44 91 -0.0218038
90 91 -17.1141
91 91 38.6606
92 91 -17.3991
138 91 -0.0259297
139 91 -2.02601
140 91 -0.0218294
43 92 -0.0218416
44 92 -2.00202
45 92 -0.0173808
91 92 -17.3991
92 92 39.1141
93 92 -17.6326
139 92 -0.0218828
140 92 -2.00186
141 92 -0.0173795
44 93 -0.0173688
45 93 -1.986
46 93 -0.0126463
92 93 -17.6326
93 93 39.4759
94 93 -17.8113
140 93 -0.0173494
141 93 -1.98605
142 93 -0.0126098
45 94 -0.0126198
46 94 -1.97769
47 94 -0.00764301
93 94 -17.8113
94 94 39.7394
95 94 -17.932
141 94 -0.0127072
142 94 -1.97771
143 94 -0.00771865
0 95 -1.97505e-05
46 95 -0.00769143
47 95 -2.3134
48 95 -17.9926
94 95 -17.932
95 95 40.233
96 95 -0.00258212
142 95 -0.00765898
143 95 -1.97695
48 96 -2.64502
49 96 -0.00258212
95 96 -0.00258212
96 96 47.2549
97 96 -20.9914
143 96 -20.9658
144 96 -2.64484
191 96 -0.00256319
48 97 -0.0025512
49 97 -1.97695
50 97 -0.00771865
96 97 -20.9914
97 97 43.5679
98 97 -17.9321
144 97 -0.0026393
145 97 -2.64678
146 97 -0.00771193
49 98 -0.00765898
50 98 -1.97771
51 98 -0.0126098
97 98 -17.9321
98 98 39.7394
99 98 -17.8112
145 98 -0.0076581
146 98 -1.97778
147 98 -0.0126647
50 99 -0.0127072
51 99 -1.98605
52 99 -0.0173795
98 99 -17.8112
99 99 39.4756
100 99 -17.6324
146 99 -0.0126028
147 99 -1.98593
148 99 -0.0173507
51 100 -0.0173494
52 100 -2.00186
53 100 -0.0218294
99 100 -17.6324
100 100 39.114
101 100 -17.3992
147 100 -0.0174652
148 100 -2.00203
149 100 -0.0218502
52 101 -0.0218828
53 101 -2.02601
54 101 -0.0258822
100 101 -17.3992
101 101 38.6607
102 101 -17.1141
148 101 -0.0217887
149 101 -2.02586
150 101 -0.0259314
53 102 -0.0259297
54 102 -2.058
55 102 -0.0295299
101 102 -17.1141
102 102 38.1246
103 102 -16.7836
149 102 -0.0258938
150 102 -2.05798
151 102 -0.029509
54 103 -0.0295266
55 103 -2.09829
56 103 -0.032715
102 103 -16.7836
103 103 42.4784
104 103 -21.3739
150 103 -0.0295987
151 103 -2.09816
152 103 -0.0326762
55 104 -0.0326482
56 104 -2.8781
57 104 -0.0352113
103 104 -21.3739
104 104 48.0844
105 104 -20.8185
151 104 -0.0326794
152 104 -2.87812
153 104 -0.0352469
56 105 -0.0352642
57 105 -2.95344
58 105 -0.0372789
104 105 -20.8185
105 105 47.1091
106 105 -20.2386
152 105 -0.0352334
153 105 -2.95359
154 105 -0.0371773
57 106 -0.0371967
58 106 -3.03947
59 106 -0.0385279
105 106 -20.2386
106 106 46.1116
107 106 -19.6424
153 106 -0.0372572
154 106 -3.03944
155 106 -0.0386643
58 107 -0.038604
59 107 -2.40682
60 107 -5.32928e-05
106 107 -19.6424
107 107 38.6876
108 107 -14.1545
154 107 -0.0385057
155 107 -2.40675
60 108 -2.48607
61 108 -4.74191e-07
107 108 -14.1545
108 108 28.5816
109 108 -9.45485
155 108 -1.2816e-05
156 108 -2.48622
60 109 4.74191e-07
61 109 -1.72472
108 109 -9.45485
109 109 22.0481
110 109 -9.14371
156 109 -4.50451e-06
157 109 -1.72467
158 109 -0.000103139
61 110 -7.00117e-05
62 110 -1.78502
63 110 -5.23221e-05
109 110 -9.14371
110 110 21.5542
111 110 -8.84032
158 110 -1.78503
63 111 -1.84727
64 111 -2.72112e-05
110 111 -8.84032
111 111 21.0848
112 111 -8.54991
158 111 -6.36003e-05
159 111 -1.84718
160 111 -4.01813e-05
64 112 -1.91015
111 112 -8.54991
112 112 20.648
113 112 -8.27783
160 112 -1.91007
161 112 -2.52671e-05
64 113 -9.0487e-06
65 113 -1.97209
66 113 -7.46381e-06
112 113 -8.27783
113 113 20.2503
114 113 -8.02815
161 113 -1.97217
66 114 -2.03161
67 114 -4.18985e-05
113 114 -8.02815
114 114 19.897
115 114 -7.80551
161 114 -3.65945e-05
162 114 -2.03164
163 114 -4.35916e-05
67 115 -2.08679
114 115 -7.80551
115 115 19.5931
116 115 -7.6139
163 115 -2.08685
164 115 -5.0763e-05
67 116 -8.94513e-05
68 116 -2.13554
69 116 -1.6436e-05
115 116 -7.6139
116 116 19.3417
117 116 -7.45674
164 116 -2.13547
69 117 -2.17588
70 117 1.89632e-06
116 117 -7.45674
117 117 19.1448
118 117 -7.33619
164 117 -3.89849e-05
165 117 -2.17593
166 117 -5.74791e-05
69 118 -1.89633e-06
70 118 -2.20636
117 118 -7.33619
118 118 19.0035
119 118 -7.2547
166 118 -2.20619
167 118 -3.63733e-05
70 119 -3.33855e-05
71 119 -2.22511
72 119 -2.55069e-05
118 119 -7.2547
119 119 18.9184
120 119 -7.21344
167 119 -2.22507
72 120 -2.23142
119 120 -7.21344
120 120 18.8899
121 120 -7.21344
167 120 -6.36982e-05
168 120 -2.23148
169 120 -6.36982e-05
72 121 -2.55069e-05
73 121 -2.22511
74 121 -3.33855e-05
120 121 -7.21344
121 121 18.9184
122 121 -7.2547
169 121 -2.22507
74 122 -2.20636
75 122 -1.89633e-06
121 122 -7.2547
122 122 19.0035
123 122 -7.33619
169 122 -3.63733e-05
170 122 -2.20619
74 123 1.89632e-06
75 123 -2.17588
122 123 -7.33619
123 123 19.1448
124 123 -7.45674
170 123 -5.74791e-05
171 123 -2.17593
172 123 -3.89849e-05
75 124 -1.6436e-05
76 124 -2.13554
77 124 -8.94513e-05
123 124 -7.45674
124 124 19.3417
125 124 -7.6139
172 124 -2.13547
77 125 -2.08679
124 125 -7.6139
125 125 19.5931
126 125 -7.80551
172 125 -5.0763e-05
173 125 -2.08685
77 126 -4.18985e-05
78 126 -2.03161
125 126 -7.80551
126 126 19.897
127 126 -8.02815
173 126 -4.35916e-05
174 126 -2.03164
175 126 -3.65945e-05
78 127 -7.46381e-06
79 127 -1.97209
80 127 -9.0487e-06
126 127 -8.02815
127 127 20.2503
128 127 -8.27783
175 127 -1.97217
80 128 -1.91015
127 128 -8.27783
128 128 20.648
129 128 -8.54991
175 128 -2.52671e-05
176 128 -1.91007
80 129 -2.72112e-05
81 129 -1.84727
128 129 -8.54991
129 129 21.0848
130 129 -8.84032
176 129 -4.01813e-05
177 129 -1.84718
178 129 -6.36003e-05
81 130 -5.23221e-05
82 130 -1.78502
83 130 -7.00117e-05
129 130 -8.84032
130 130 21.5542
131 130 -9.14371
178 130 -1.78503
83 131 -1.72472
84 131 4.74191e-07
130 131 -9.14371
131 131 22.0481
132 131 -9.45485
178 131 -0.000103139
179 131 -1.72467
180 131 -4.50451e-06
83 132 -4.74191e-07
84 132 -2.48607
131 132 -9.45485
132 132 28.5816
133 132 -14.1545
180 132 -2.48622
181 132 -1.2816e-05
84 133 -5.32928e-05
85 133 -2.45211
86 133 -0.0386332
132 133 -14.1545
133 133 38.9979
134 133 -19.9006
181 133 -2.45202
86 134 -3.08277
87 134 -0.0371967
133 134 -19.9006
134 134 46.643
135 134 -20.501
181 134 -0.0387159
182 134 -3.08272
183 134 -7.11515e-05
86 135 -9.15953e-05
87 135 -2.99414
88 135 -0.0352833
134 135 -20.501
135 135 47.6418
136 135 -21.0798
182 135 -0.0371773
183 135 -2.99431
88 136 -2.91554
89 136 -0.0326482
135 136 -21.0798
136 136 48.6069
137 136 -21.628
183 136 -0.0352503
184 136 -2.91561
185 136 -4.13147e-07
88 137 -7.53091e-05
89 137 -2.09829
90 137 -0.0295266
136 137 -21.628
137 137 42.6999
138 137 -16.7836
184 137 -0.0326762
185 137 -2.09816
186 137 -0.0295987
89 138 -0.0295299
90 138 -2.058
91 138 -0.0259297
137 138 -16.7836
138 138 38.1246
139 138 -17.1141
185 138 -0.029509
186 138 -2.05798
187 138 -0.0258938
90 139 -0.0258822
91 139 -2.02601
92 139 -0.0218828
138 139 -17.1141
139 139 38.6607
140 139 -17.3992
186 139 -0.0259314
187 139 -2.02586
188 139 -0.0217887
91 140 -0.0218294
92 140 -2.00186
93 140 -0.0173494
139 140 -17.3992
140 140 39.114
141 140 -17.6324
187 140 -0.0218502
188 140 -2.00203
189 140 -0.0174652
92 141 -0.0173795
93 141 -1.98605
94 141 -0.0127072
140 141 -17.6324
141 141 39.4756
142 141 -17.8112
188 141 -0.0173507
189 141 -1.98593
190 141 -0.0126028
93 142 -0.0126098
94 142 -1.97771
95 142 -0.00765898
141 142 -17.8112
142 142 39.7394
143 142 -17.9321
189 142 -0.0126647
190 142 -1.97778
191 142 -0.0076581
48 143 -0.0025512
94 143 -0.00771865
95 143 -1.97695
96 143 -20.9658
142 143 -17.9321
143 143 43.5397
144 143 -5.69926e-05
190 143 -0.00771193
191 143 -2.64678
96 144 -2.64484
97 144 -0.0026393
143 144 -5.69926e-05
144 144 47.2549
145 144 -20.9659
191 144 -20.9914
192 144 -2.64495
193 144 -0.00257202
239 144 -0.00257202
97 145 -2.64678
98 145 -0.0076581
144 145 -20.9659
145 145 43.5397
146 145 -17.9319
192 145 -0.00256935
193 145 -1.97715
194 145 -0.00764041
97 146 -0.00771193
98 146 -1.97778
99 146 -0.0126028
145 146 -17.9319
146 146 39.7393
147 146 -17.8113
193 146 -0.0076455
194 146 -1.97774
195 146 -0.0126148
98 147 -0.0126647
99 147 -1.98593
100 147 -0.0174652
146 147 -17.8113
147 147 39.4759
148 147 -17.6326
194 147 -0.0126152
195 147 -1.98594
196 147 -0.0173794
99 148 -0.0173507
100 148 -2.00203
101 148 -0.0217887
147 148 -17.6326
148 148 39.1141
149 148 -17.3991
195 148 -0.0173805
196 148 -2.00201
197 148 -0.0218162
100 149 -0.0218502
101 149 -2.02586
102 149 -0.0258938
148 149 -17.3991
149 149 38.6605
150 149 -17.1141
196 149 -0.0218338
197 149 -2.02601
198 149 -0.0259274
101 150 -0.0259314
102 150 -2.05798
103 150 -0.0295987
149 150 -17.1141
150 150 38.1247
151 150 -16.7838
197 150 -0.0258753
198 150 -2.0579
199 150 -0.0295432
102 151 -0.029509
103 151 -2.09816
104 151 -0.0326794
150 151 -16.7838
151 151 42.4788
152 151 -21.374
198 151 -0.0295561
199 151 -2.09834
200 151 -0.0326906
103 152 -0.0326762
104 152 -2.87812
105 152 -0.0352334
151 152 -21.374
152 152 48.0843
153 152 -20.8183
199 152 -0.0326456
200 152 -2.87809
201 152 -0.0352451
104 153 -0.0352469
105 153 -2.95359
106 153 -0.0372572
152 153 -20.8183
153 153 47.1092
154 153 -20.2389
200 153 -0.0352215
201 153 -2.95348
202 153 -0.0372023
105 154 -0.0371773
106 154 -3.03944
107 154 -0.0385057
153 154 -20.2389
154 154 46.1115
155 154 -19.6421
201 154 -0.0372788
202 154 -3.03956
203 154 -0.0385489
106 155 -0.0386643
107 155 -2.40675
108 155 -1.2816e-05
154 155 -19.6421
155 155 38.6873
156 155 -14.1544
202 155 -0.0385216
203 155 -2.40676
204 155 -5.59481e-05
108 156 -2.48622
109 156 -4.50451e-06
155 156 -14.1544
156 156 28.5816
157 156 -9.45493
204 156 -2.48607
109 157 -1.72467
156 157 -9.45493
157 157 22.048
158 157 -9.1436
204 157 -2.88701e-05
205 157 -1.72477
206 157 -4.15056e-05
109 158 -0.000103139
110 158 -1.78503
111 158 -6.36003e-05
157 158 -9.1436
158 158 21.5541
159 158 -8.84027
206 158 -1.785
111 159 -1.84718
158 159 -8.84027
159 159 21.0849
160 159 -8.55007
206 159 -5.88389e-05
207 159 -1.84729
208 159 -3.49796e-05
111 160 -4.01813e-05
112 160 -1.91007
159 160 -8.55007
160 160 20.648
161 160 -8.27766
208 160 -1.91012
209 160 -1.02994e-05
112 161 -2.52671e-05
113 161 -1.97217
114 161 -3.65945e-05
160 161 -8.27766
161 161 20.2502
162 161 -8.02822
209 161 -1.97206
114 162 -2.03164
161 162 -8.02822
162 162 19.897
163 162 -7.80539
209 162 -2.11333e-05
210 162 -2.03171
211 162 -3.65979e-05
114 163 -4.35916e-05
115 163 -2.08685
162 163 -7.80539
163 163 19.5931
164 163 -7.61408
211 163 -2.08678
115 164 -5.0763e-05
116 164 -2.13547
117 164 -3.89849e-05
163 164 -7.61408
164 164 19.3418
165 164 -7.45665
211 164 -2.81262e-05
212 164 -2.1355
117 165 -2.17593
164 165 -7.45665
165 165 19.1448
166 165 -7.33616
212 165 -1.23627e-05
213 165 -2.17603
117 166 -5.74791e-05
118 166 -2.20619
165 166 -7.33616
166 166 19.0034
167 166 -7.2547
213 166 -1.53653e-05
214 166 -2.2063
215 166 -1.49812e-05
118 167 -3.63733e-05
119 167 -2.22507
120 167 -6.36982e-05
166 167 -7.2547
167 167 18.9184
168 167 -7.21346
215 167 -2.22505
120 168 -2.23148
167 168 -7.21346
168 168 18.8899
169 168 -7.21346
215 168 -3.03553e-05
216 168 -2.23149
217 168 -3.03553e-05
120 169 -6.36982e-05
121 169 -2.22507
122 169 -3.63733e-05
168 169 -7.21346
169 169 18.9184
170 169 -7.2547
217 169 -2.22505
122 170 -2.20619
123 170 -5.74791e-05
169 170 -7.2547
170 170 19.0034
171 170 -7.33616
217 170 -1.49812e-05
218 170 -2.2063
219 170 -1.53653e-05
123 171 -2.17593
170 171 -7.33616
171 171 19.1448
172 171 -7.45665
219 171 -2.17603
220 171 -1.23627e-05
123 172 -3.89849e-05
124 172 -2.13547
125 172 -5.0763e-05
171 172 -7.45665
172 172 19.3418
173 172 -7.61408
220 172 -2.1355
221 172 -2.81262e-05
125 173 -2.08685
126 173 -4.35916e-05
172 173 -7.61408
173 173 19.5931
174 173 -7.80539
221 173 -2.08678
126 174 -2.03164
173 174 -7.80539
174 174 19.897
175 174 -8.02822
221 174 -3.65979e-05
222 174 -2.03171
223 174 -2.11333e-05
126 175 -3.65945e-05
127 175 -1.97217
128 175 -2.52671e-05
174 175 -8.02822
175 175 20.2502
176 175 -8.27766
223 175 -1.97206
128 176 -1.91007
129 176 -4.01813e-05
175 176 -8.27766
176 176 20.648
177 176 -8.55007
223 176 -1.02994e-05
224 176 -1.91012
129 177 -1.84718
176 177 -8.55007
177 177 21.0849
178 177 -8.84027
224 177 -3.49796e-05
225 177 -1.84729
226 177 -5.88389e-05
129 178 -6.36003e-05
130 178 -1.78503
131 178 -0.000103139
177 178 -8.84027
178 178 21.5541
179 178 -9.1436
226 178 -1.785
131 179 -1.72467
178 179 -9.1436
179 179 22.048
180 179 -9.45493
226 179 -4.15056e-05
227 179 -1.72477
228 179 -2.88701e-05
131 180 -4.50451e-06
132 180 -2.48622
179 180 -9.45493
180 180 28.5816
181 180 -14.1544
228 180 -2.48607
132 181 -1.2816e-05
133 181 -2.45202
134 181 -0.0387159
180 181 -14.1544
181 181 38.9976
182 181 -19.9003
228 181 -5.59481e-05
229 181 -2.45205
134 182 -3.08272
135 182 -0.0371773
181 182 -19.9003
182 182 46.643
183 182 -20.5013
229 182 -0.0385605
230 182 -3.08288
231 182 -8.97131e-05
134 183 -7.11515e-05
135 183 -2.99431
136 183 -0.0352503
182 183 -20.5013
183 183 47.642
184 183 -21.0797
230 183 -0.0372023
231 183 -2.99419
136 184 -2.91561
137 184 -0.0326762
183 184 -21.0797
184 184 48.6024
185 184 -21.6285
231 184 -0.0352531
232 184 -2.87808
233 184 -0.0326456
136 185 -4.13147e-07
137 185 -2.09816
138 185 -0.029509
184 185 -21.6285
185 185 42.7005
186 185 -16.7838
232 185 -0.0326906
233 185 -2.09834
234 185 -0.0295561
137 186 -0.0295987
138 186 -2.05798
139 186 -0.0259314
185 186 -16.7838
186 186 38.1247
187 186 -17.1141
233 186 -0.0295432
234 186 -2.0579
235 186 -0.0258753
138 187 -0.0258938
139 187 -2.02586
140 187 -0.0218502
186 187 -17.1141
187 187 38.6605
188 187 -17.3991
234 187 -0.0259274
235 187 -2.02601
236 187 -0.0218338
139 188 -0.0217887
140 188 -2.00203
141 188 -0.0173507
187 188 -17.3991
188 188 39.1141
189 188 -17.6326
235 188 -0.0218162
236 188 -2.00201
237 188 -0.0173805
140 189 -0.0174652
141 189 -1.98593
142 189 -0.0126647
188 189 -17.6326
189 189 39.4759
190 189 -17.8113
236 189 -0.0173794
237 189 -1.98594
238 189 -0.0126152
141 190 -0.0126028
142 190 -1.97778
143 190 -0.00771193
189 190 -17.8113
190 190 39.7393
191 190 -17.9319
237 190 -0.0126148
238 190 -1.97774
239 190 -0.0076455
96 191 -0.00256319
142 191 -0.0076581
143 191 -2.64678
144 191 -20.9914
190 191 -17.9319
191 191 43.5677
192 191 -0.00256935
238 191 -0.00764041
239 191 -1.97715
144 192 -2.64495
145 192 -0.00256935
191 192 -0.00256935
192 192 41.2625
193 192 -17.9926
239 192 -17.9671
240 192 -2.64501
241 192 -0.00255391
287 192 -0.00510781
144 193 -0.00257202
145 193 -1.97715
146 193 -0.0076455
192 193 -17.9926
193 193 40.2329
194 193 -17.932
240 193 -3.0649e-05
241 193 -2.31327
242 193 -0.00766717
145 194 -0.00764041
146 194 -1.97774
147 194 -0.0126152
193 194 -17.932
194 194 39.7394
195 194 -17.8113
241 194 -0.00769988
242 194 -1.97777
243 194 -0.0126065
146 195 -0.0126148
147 195 -1.98594
148 195 -0.0173805
194 195 -17.8113
195 195 39.4758
196 195 -17.6325
242 195 -0.0126695
243 195 -1.98602
244 195 -0.0173797
147 196 -0.0173794
148 196 -2.00201
149 196 -0.0218338
195 196 -17.6325
196 196 39.1142
197 196 -17.3994
243 196 -0.0173556
244 196 -2.00194
245 196 -0.0218484
148 197 -0.0218162
149 197 -2.02601
150 197 -0.0258753
196 197 -17.3994
197 197 38.6605
198 197 -17.1138
244 197 -0.0218147
245 197 -2.02596
246 197 -0.0258841
149 198 -0.0259274
150 198 -2.0579
151 198 -0.0295561
197 198 -17.1138
198 198 38.1243
199 198 -16.7837
245 198 -0.025929
246 198 -2.05798
247 198 -0.0295741
150 199 -0.0295432
151 199 -2.09834
152 199 -0.0326456
198 199 -16.7837
199 199 42.4789
200 199 -21.3743
246 199 -0.0295167
247 199 -2.09823
248 199 -0.0326594
151 200 -0.0326906
152 200 -2.87809
153 200 -0.0352215
199 200 -21.3743
200 200 48.0894
201 200 -20.8183
247 200 -2.19034e-06
248 200 -2.91552
249 200 -0.0352363
152 201 -0.0352451
153 201 -2.95348
154 201 -0.0372788
200 201 -20.8183
201 201 47.1142
202 201 -20.2383
248 201 -1.74625e-05
249 201 -2.99431
250 201 -0.0371952
153 202 -0.0372023
154 202 -3.03956
155 202 -0.0385216
201 202 -20.2383
202 202 46.1115
203 202 -19.6425
249 202 -0.0372253
250 202 -3.03954
251 202 -0.0385414
154 203 -0.0385489
155 203 -2.40676
202 203 -19.6425
203 203 38.6878
204 203 -14.1546
250 203 -0.0385279
251 203 -2.40681
252 203 -5.45043e-05
155 204 -5.59481e-05
156 204 -2.48607
157 204 -2.88701e-05
203 204 -14.1546
204 204 28.5816
205 204 -9.4547
252 204 -2.48613
157 205 -1.72477
204 205 -9.4547
205 205 22.0481
206 205 -9.14386
252 205 -3.00072e-05
253 205 -1.7247
254 205 1.91561e-06
157 206 -4.15056e-05
158 206 -1.785
159 206 -5.88389e-05
205 206 -9.14386
206 206 21.5543
207 206 -8.84022
253 206 -1.91561e-06
254 206 -1.78507
159 207 -1.84729
206 207 -8.84022
207 207 21.0849
208 207 -8.55005
254 207 -3.53752e-05
255 207 -1.84723
256 207 -2.40159e-05
159 208 -3.49796e-05
160 208 -1.91012
207 208 -8.55005
208 208 20.6479
209 208 -8.27758
256 208 -1.91011
160 209 -1.02994e-05
161 209 -1.97206
162 209 -2.11333e-05
208 209 -8.27758
209 209 20.2501
210 209 -8.0282
256 209 -5.80822e-05
257 209 -1.97213
258 209 -2.31839e-05
162 210 -2.03171
209 210 -8.0282
210 210 19.8971
211 210 -7.80556
258 210 -2.03167
259 210 1.43124e-06
162 211 -3.65979e-05
163 211 -2.08678
164 211 -2.81262e-05
210 211 -7.80556
211 211 19.5933
212 211 -7.61409
258 211 -1.43125e-06
259 211 -2.08677
260 211 -4.52072e-06
164 212 -2.1355
165 212 -1.23627e-05
211 212 -7.61409
212 212 19.3418
213 212 -7.45659
260 212 -2.13559
261 212 -1.50489e-05
165 213 -2.17603
166 213 -1.53653e-05
212 213 -7.45659
213 213 19.1447
214 213 -7.33615
261 213 -2.17592
262 213 -2.06525e-05
166 214 -2.2063
213 214 -7.33615
214 214 19.0035
215 214 -7.25472
262 214 -2.2063
166 215 -1.49812e-05
167 215 -2.22505
168 215 -3.03553e-05
214 215 -7.25472
215 215 18.9184
216 215 -7.21345
262 215 -3.81215e-05
263 215 -2.22509
168 216 -2.23149
215 216 -7.21345
216 216 18.8899
217 216 -7.21345
263 216 -4.11314e-05
264 216 -2.23147
265 216 -4.11314e-05
168 217 -3.03553e-05
169 217 -2.22505
170 217 -1.49812e-05
216 217 -7.21345
217 217 18.9184
218 217 -7.25472
265 217 -2.22509
266 217 -3.81215e-05
170 218 -2.2063
217 218 -7.25472
218 218 19.0035
219 218 -7.33615
266 218 -2.2063
170 219 -1.53653e-05
171 219 -2.17603
218 219 -7.33615
219 219 19.1447
220 219 -7.45659
266 219 -2.06525e-05
267 219 -2.17592
171 220 -1.23627e-05
172 220 -2.1355
219 220 -7.45659
220 220 19.3418
221 220 -7.61409
267 220 -1.50489e-05
268 220 -2.13559
172 221 -2.81262e-05
173 221 -2.08678
174 221 -3.65979e-05
220 221 -7.61409
221 221 19.5933
222 221 -7.80556
268 221 -4.52072e-06
269 221 -2.08677
270 221 -1.43125e-06
174 222 -2.03171
221 222 -7.80556
222 222 19.8971
223 222 -8.0282
269 222 1.43124e-06
270 222 -2.03167
174 223 -2.11333e-05
175 223 -1.97206
176 223 -1.02994e-05
222 223 -8.0282
223 223 20.2501
224 223 -8.27758
270 223 -2.31839e-05
271 223 -1.97213
272 223 -5.80822e-05
176 224 -1.91012
177 224 -3.49796e-05
223 224 -8.27758
224 224 20.6479
225 224 -8.55005
272 224 -1.91011
177 225 -1.84729
224 225 -8.55005
225 225 21.0849
226 225 -8.84022
272 225 -2.40159e-05
273 225 -1.84723
274 225 -3.53752e-05
177 226 -5.88389e-05
178 226 -1.785
179 226 -4.15056e-05
225 226 -8.84022
226 226 21.5543
227 226 -9.14386
274 226 -1.78507
275 226 -1.91561e-06
179 227 -1.72477
226 227 -9.14386
227 227 22.0481
228 227 -9.4547
274 227 1.91561e-06
275 227 -1.7247
276 227 -3.00072e-05
179 228 -2.88701e-05
180 228 -2.48607
181 228 -5.59481e-05
227 228 -9.4547
228 228 28.5816
229 228 -14.1546
276 228 -2.48613
181 229 -2.45205
182 229 -0.0385605
228 229 -14.1546
229 229 38.998
230 229 -19.9007
276 229 -5.45043e-05
277 229 -2.4521
278 229 3.37887e-06
182 230 -3.08288
183 230 -0.0372023
229 230 -19.9007
230 230 46.6368
231 230 -20.5007
277 230 -0.0385414
278 230 -3.03954
279 230 -0.0372253
182 231 -8.97131e-05
183 231 -2.99419
184 231 -0.0352531
230 231 -20.5007
231 231 47.6359
232 231 -21.0797
278 231 -0.0371952
279 231 -2.95359
280 231 -0.0352515
184 232 -2.87808
185 232 -0.0326906
231 232 -21.0797
232 232 48.3107
233 232 -21.3743
279 232 -0.0352363
280 232 -2.87805
281 232 -0.0326632
184 233 -0.0326456
185 233 -2.09834
186 233 -0.0295432
232 233 -21.3743
233 233 42.4789
234 233 -16.7837
280 233 -0.0326594
281 233 -2.09823
282 233 -0.0295167
185 234 -0.0295561
186 234 -2.0579
187 234 -0.0259274
233 234 -16.7837
234 234 38.1243
235 234 -17.1138
281 234 -0.0295741
282 234 -2.05798
283 234 -0.025929
186 235 -0.0258753
187 235 -2.02601
188 235 -0.0218162
234 235 -17.1138
235 235 38.6605
236 235 -17.3994
282 235 -0.0258841
283 235 -2.02596
284 235 -0.0218147
187 236 -0.0218338
188 236 -2.00201
189 236 -0.0173794
235 236 -17.3994
236 236 39.1142
237 236 -17.6325
283 236 -0.0218484
284 236 -2.00194
285 236 -0.0173556
188 237 -0.0173805
189 237 -1.98594
190 237 -0.0126148
236 237 -17.6325
237 237 39.4758
238 237 -17.8113
284 237 -0.0173797
285 237 -1.98602
286 237 -0.0126695
189 238 -0.0126152
190 238 -1.97774
191 238 -0.00764041
237 238 -17.8113
238 238 39.7394
239 238 -17.932
285 238 -0.0126065
286 238 -1.97777
287 238 -0.00769988
144 239 -0.00257202
190 239 -0.0076455
191 239 -1.97715
192 239 -17.9671
238 239 -17.932
239 239 40.2046
240 239 -2.04327e-05
286 239 -0.00766717
287 239 -2.31043
192 240 -2.64501
193 240 -3.0649e-05
239 240 -2.04327e-05
240 240 47.2549
241 240 -20.9914
287 240 -20.9658
288 240 -2.64484
289 240 -0.00257622
335 240 -0.00515243
192 241 -0.00255391
193 241 -2.31327
194 241 -0.00769988
240 241 -20.9914
241 241 43.568
242 241 -17.932
288 241 -1.53429e-05
289 241 -2.31345
290 241 -0.0076418
193 242 -0.00766717
194 242 -1.97777
195 242 -0.0126695
241 242 -17.932
242 242 39.7394
243 242 -17.8113
289 242 -0.00767905
290 242 -1.97769
291 242 -0.0126164
194 243 -0.0126065
195 243 -1.98602
196 243 -0.0173556
242 243 -17.8113
243 243 39.4758
244 243 -17.6325
290 243 -0.0126635
291 243 -1.98594
292 243 -0.0174168
195 244 -0.0173797
196 244 -2.00194
197 244 -0.0218147
243 244 -17.6325
244 244 39.1139
245 244 -17.3991
291 244 -0.0173721
292 244 -2.00206
293 244 -0.0218247
196 245 -0.0218484
197 245 -2.02596
198 245 -0.025929
244 245 -17.3991
245 245 38.6607
246 245 -17.1142
292 245 -0.0218051
293 245 -2.02589
294 245 -0.025927
197 246 -0.0258841
198 246 -2.05798
199 246 -0.0295167
245 246 -17.1142
246 246 38.1247
247 246 -16.7836
293 246 -0.0258976
294 246 -2.05803
295 246 -0.0295255
198 247 -0.0295741
199 247 -2.09823
200 247 -2.19034e-06
246 247 -16.7836
247 247 42.7005
248 247 -21.6287
294 247 -0.0295316
295 247 -2.09827
296 247 -0.0326518
199 248 -0.0326594
200 248 -2.91552
201 248 -1.74625e-05
247 248 -21.6287
248 248 48.6073
249 248 -21.0796
295 248 -5.73569e-05
296 248 -2.9155
297 248 -0.0352249
200 249 -0.0352363
201 249 -2.99431
202 249 -0.0372253
248 249 -21.0796
249 249 47.4164
250 249 -20.2386
296 249 -2.01581e-05
297 249 -2.99427
298 249 -0.0371932
201 250 -0.0371952
202 250 -3.03954
203 250 -0.0385279
249 250 -20.2386
250 250 46.1174
251 250 -19.6421
297 250 -4.52363e-05
298 250 -3.08289
299 250 -0.0385287
202 251 -0.0385414
203 251 -2.40681
250 251 -19.6421
251 251 41.2909
252 251 -16.3477
298 251 -2.24986e-05
299 251 -2.81645
300 251 -0.0393229
203 252 -5.45043e-05
204 252 -2.48613
205 252 -3.00072e-05
251 252 -16.3477
252 252 32.9021
253 252 -11.5821
300 252 -2.48605
205 253 -1.7247
206 253 -1.91561e-06
252 253 -11.5821
253 253 24.5984
254 253 -9.14366
300 253 -6.02758e-05
301 253 -2.1478
205 254 1.91561e-06
206 254 -1.78507
207 254 -3.53752e-05
253 254 -9.14366
254 254 21.5542
255 254 -8.84038
301 254 -8.05325e-06
302 254 -1.78508
207 255 -1.84723
254 255 -8.84038
255 255 21.085
256 255 -8.55002
302 255 -3.332e-05
303 255 -1.84726
304 255 -3.14421e-05
207 256 -2.40159e-05
208 256 -1.91011
209 256 -5.80822e-05
255 256 -8.55002
256 256 20.6479
257 256 -8.27759
304 256 -1.91007
209 257 -1.97213
256 257 -8.27759
257 257 20.2501
258 257 -8.02819
304 257 -3.7216e-05
305 257 -1.97215
306 257 -5.76762e-07
209 258 -2.31839e-05
210 258 -2.03167
211 258 -1.43125e-06
257 258 -8.02819
258 258 19.8971
259 258 -7.8056
305 258 5.76758e-07
306 258 -2.03164
307 258 -1.92786e-05
210 259 1.43124e-06
211 259 -2.08677
258 259 -7.8056
259 259 19.5933
260 259 -7.6141
307 259 -2.08684
308 259 -1.20755e-05
211 260 -4.52072e-06
212 260 -2.13559
259 260 -7.6141
260 260 19.3418
261 260 -7.45661
308 260 -2.13548
309 260 -3.47622e-05
212 261 -1.50489e-05
213 261 -2.17592
260 261 -7.45661
261 261 19.1448
262 261 -7.33618
309 261 -2.17601
310 261 -2.22603e-05
213 262 -2.06525e-05
214 262 -2.2063
215 262 -3.81215e-05
261 262 -7.33618
262 262 19.0035
263 262 -7.2547
310 262 -2.20622
215 263 -2.22509
216 263 -4.11314e-05
262 263 -7.2547
263 263 18.9184
264 263 -7.21344
310 263 -2.9108e-05
311 263 -2.22507
216 264 -2.23147
263 264 -7.21344
264 264 18.8899
265 264 -7.21344
311 264 -3.52677e-05
312 264 -2.23151
313 264 -3.52677e-05
216 265 -4.11314e-05
217 265 -2.22509
264 265 -7.21344
265 265 18.9184
266 265 -7.2547
313 265 -2.22507
314 265 -2.9108e-05
217 266 -3.81215e-05
218 266 -2.2063
219 266 -2.06525e-05
265 266 -7.2547
266 266 19.0035
267 266 -7.33618
314 266 -2.20622
219 267 -2.17592
220 267 -1.50489e-05
266 267 -7.33618
267 267 19.1448
268 267 -7.45661
314 267 -2.22603e-05
315 267 -2.17601
220 268 -2.13559
221 268 -4.52072e-06
267 268 -7.45661
268 268 19.3418
269 268 -7.6141
315 268 -3.47622e-05
316 268 -2.13548
221 269 -2.08677
222 269 1.43124e-06
268 269 -7.6141
269 269 19.5933
270 269 -7.8056
316 269 -1.20755e-05
317 269 -2.08684
221 270 -1.43125e-06
222 270 -2.03167
223 270 -2.31839e-05
269 270 -7.8056
270 270 19.8971
271 270 -8.02819
317 270 -1.92786e-05
318 270 -2.03164
319 270 5.76758e-07
223 271 -1.97213
270 271 -8.02819
271 271 20.2501
272 271 -8.27759
318 271 -5.76762e-07
319 271 -1.97215
320 271 -3.7216e-05
223 272 -5.80822e-05
224 272 -1.91011
225 272 -2.40159e-05
271 272 -8.27759
272 272 20.6479
273 272 -8.55002
320 272 -1.91007
225 273 -1.84723
272 273 -8.55002
273 273 21.085
274 273 -8.84038
320 273 -3.14421e-05
321 273 -1.84726
322 273 -3.332e-05
225 274 -3.53752e-05
226 274 -1.78507
227 274 1.91561e-06
273 274 -8.84038
274 274 21.5542
275 274 -9.14366
322 274 -1.78508
323 274 -8.05325e-06
226 275 -1.91561e-06
227 275 -1.7247
274 275 -9.14366
275 275 24.5984
276 275 -11.5821
323 275 -2.1478
324 275 -6.02758e-05
227 276 -3.00072e-05
228 276 -2.48613
229 276 -5.45043e-05
275 276 -11.5821
276 276 32.9021
277 276 -16.3477
324 276 -2.48605
229 277 -2.4521
230 277 -0.0385414
276 277 -16.3477
277 277 41.5876
278 277 -19.9002
324 277 -0.0393229
325 277 -2.77117
326 277 -0.0385477
229 278 3.37887e-06
230 278 -3.03954
231 278 -0.0371952
277 278 -19.9002
278 278 46.3309
279 278 -20.2386
325 278 -0.0385287
326 278 -3.03955
327 278 -0.0372394
230 279 -0.0372253
231 279 -2.95359
232 279 -0.0352363
278 279 -20.2386
279 279 47.1088
280 279 -20.8182
326 279 -0.0371932
327 279 -2.95354
328 279 -0.0352546
231 280 -0.0352515
232 280 -2.87805
233 280 -0.0326594
279 280 -20.8182
280 280 48.0845
281 280 -21.3744
327 280 -0.0352249
328 280 -2.87805
329 280 -0.0327015
232 281 -0.0326632
233 281 -2.09823
234 281 -0.0295741
280 281 -21.3744
281 281 42.4789
282 281 -16.7836
328 281 -0.0326518
329 281 -2.09827
330 281 -0.0295316
233 282 -0.0295167
234 282 -2.05798
235 282 -0.0258841
281 282 -16.7836
282 282 38.1247
283 282 -17.1142
329 282 -0.0295255
330 282 -2.05803
331 282 -0.0258976
234 283 -0.025929
235 283 -2.02596
236 283 -0.0218484
282 283 -17.1142
283 283 38.6607
284 283 -17.3991
330 283 -0.025927
331 283 -2.02589
332 283 -0.0218051
235 284 -0.0218147
236 284 -2.00194
237 284 -0.0173797
283 284 -17.3991
284 284 39.1139
285 284 -17.6325
331 284 -0.0218247
332 284 -2.00206
333 284 -0.0173721
236 285 -0.0173556
237 285 -1.98602
238 285 -0.0126065
284 285 -17.6325
285 285 39.4758
286 285 -17.8113
332 285 -0.0174168
333 285 -1.98594
334 285 -0.0126635
237 286 -0.0126695
238 286 -1.97777
239 286 -0.00766717
285 286 -17.8113
286 286 39.7394
287 286 -17.932
333 286 -0.0126164
334 286 -1.97769
335 286 -0.00767905
192 287 -0.00510781
238 287 -0.00769988
239 287 -2.31043
240 287 -20.9658
286 287 -17.932
287 287 43.5393
288 287 -1.02286e-05
334 287 -0.0076418
335 287 -2.31058
240 288 -2.64484
241 288 -1.53429e-05
287 288 -1.02286e-05
288 288 47.2551
289 288 -20.9914
335 288 -20.9661
336 288 -2.64499
337 288 -0.00258081
383 288 -0.00513807
240 289 -0.00257622
241 289 -2.31345
242 289 -0.00767905
288 289 -20.9914
289 289 43.5681
290 289 -17.9321
337 289 -2.31327
338 289 -0.00766991
241 290 -0.0076418
242 290 -1.97769
243 290 -0.0126635
289 290 -17.9321
290 290 39.7393
291 290 -17.8112
337 290 -0.00769346
338 290 -1.97779
339 290 -0.0126066
242 291 -0.0126164
243 291 -1.98594
244 291 -0.0173721
290 291 -17.8112
291 291 39.4757
292 291 -17.6325
338 291 -0.0126692
339 291 -1.98602
340 291 -0.0173989
243 292 -0.0174168
244 292 -2.00206
245 292 -0.0218051
291 292 -17.6325
292 292 39.114
293 292 -17.3991
