0 0 0.238034
1 0 0
2 0 -0.0932268
3 0 -0.000586056
94 0 -0.09334
95 0 0.000586768
96 0 -0.0117611
97 0 0
98 0 -5.85492e-08
99 0 8.96753e-11
190 0 -8.78238e-08
191 0 -1.34513e-10
7584 0 -0.0117611
7585 0 0
7586 0 -2.29207e-05
7587 0 -3.23735e-07
7678 0 -1.15022e-05
7679 0 1.62459e-07
0 1 -0
1 1 0.238034
2 1 0.000586056
3 1 -0.0932268
94 1 -0.000586768
95 1 -0.09334
96 1 0
97 1 -0.0117611
98 1 -8.96753e-11
99 1 -5.85492e-08
190 1 1.34513e-10
191 1 -8.78238e-08
7584 1 0
7585 1 -0.0117611
7586 1 3.23735e-07
7587 1 -2.29207e-05
7678 1 -1.62459e-07
7679 1 -1.15022e-05
0 2 -0.0932268
1 2 0.000586056
2 2 0.211659
3 2 0
4 2 -0.079738
5 2 -3.36925e-10
96 2 -2.28334e-05
97 2 3.22504e-07
98 2 -0.010273
99 2 0.0001591
100 2 -3.39788e-05
101 2 6.9825e-07
7586 2 -0.010273
7587 2 -0.000159096
7588 2 -3.39755e-05
7589 2 -6.9817e-07
0 3 -0.000586056
1 3 -0.0932268
2 3 -0
3 3 0.211659
4 3 3.36925e-10
5 3 -0.079738
96 3 -3.22504e-07
97 3 -2.28334e-05
98 3 -0.0001591
99 3 -0.010273
100 3 -6.9825e-07
101 3 -3.39788e-05
7586 3 0.000159096
7587 3 -0.010273
7588 3 6.9817e-07
7589 3 -3.39755e-05
2 4 -0.079738
3 4 3.36925e-10
4 4 0.200081
5 4 0
6 4 0.0792016
7 4 -2.19238e-07
98 4 -3.41941e-05
99 4 7.02697e-07
100 4 -0.00879128
101 4 0.00022362
102 4 5.56445e-05
103 4 8.11973e-06
7586 4 -3.42095e-05
7587 4 -7.02996e-07
7588 4 -0.00879128
7589 4 -0.000223616
7590 4 5.56445e-05
7591 4 -8.11987e-06
2 5 -3.36925e-10
3 5 -0.079738
4 5 -0
5 5 0.200081
6 5 2.19238e-07
7 5 0.0792016
98 5 -7.02697e-07
99 5 -3.41941e-05
100 5 -0.00022362
101 5 -0.00879128
102 5 -8.11973e-06
103 5 5.56445e-05
7586 5 7.02996e-07
7587 5 -3.42095e-05
7588 5 0.000223616
7589 5 -0.00879128
7590 5 8.11987e-06
7591 5 5.56445e-05
4 6 0.0792016
5 6 2.19238e-07
6 6 0.194467
7 6 0
8 6 -0.078406
9 6 -7.02274e-08
100 6 5.60902e-05
101 6 -1.7005e-06
102 6 -0.00874432
103 6 -0.00123478
104 6 -7.68957e-05
105 6 -7.76465e-06
7588 6 5.60902e-05
7589 6 1.70078e-06
7590 6 -0.00874433
7591 6 0.00123476
7592 6 -7.68958e-05
7593 6 7.76443e-06
4 7 -2.19238e-07
5 7 0.0792016
6 7 -0
7 7 0.194467
8 7 7.02274e-08
9 7 -0.078406
100 7 1.7005e-06
101 7 5.60902e-05
102 7 0.00123478
103 7 -0.00874432
104 7 7.76465e-06
105 7 -7.68957e-05
7588 7 -1.70078e-06
7589 7 5.60902e-05
7590 7 -0.00123476
7591 7 -0.00874433
7592 7 -7.76443e-06
7593 7 -7.68958e-05
6 8 -0.078406
7 8 7.02274e-08
8 8 0.188526
9 8 0
10 8 -0.0773683
11 8 -2.65892e-08
102 8 -7.65236e-05
103 8 -1.04459e-05
104 8 -0.00886105
105 8 -0.000856491
106 8 -9.67147e-05
107 8 -6.81609e-06
7590 8 -7.65237e-05
7591 8 1.04458e-05
7592 8 -0.00886105
7593 8 0.000856482
7594 8 -9.67147e-05
7595 8 6.81595e-06
6 9 -7.02274e-08
7 9 -0.078406
8 9 -0
9 9 0.188526
10 9 2.65892e-08
11 9 -0.0773683
102 9 1.04459e-05
103 9 -7.65236e-05
104 9 0.000856491
105 9 -0.00886105
106 9 6.81609e-06
107 9 -9.67147e-05
7590 9 -1.04458e-05
7591 9 -7.65237e-05
7592 9 -0.000856482
7593 9 -0.00886105
7594 9 -6.81595e-06
7595 9 -9.67147e-05
8 10 -0.0773683
9 10 2.65892e-08
10 10 0.19449
11 10 0
12 10 -0.0761022
13 10 -2.60957e-08
104 10 -9.67109e-05
105 10 -8.93103e-06
106 10 -0.0089886
107 10 -0.000598621
108 10 -0.00011512
109 10 -5.56075e-06
7592 10 -9.67109e-05
7593 10 8.931e-06
7594 10 -0.00898861
7595 10 0.000598614
7596 10 -0.00011512
7597 10 5.56067e-06
8 11 -2.65892e-08
9 11 -0.0773683
10 11 -0
11 11 0.19449
12 11 2.60957e-08
13 11 -0.0761022
104 11 8.93103e-06
105 11 -9.67109e-05
106 11 0.000598621
107 11 -0.0089886
108 11 5.56075e-06
109 11 -0.00011512
7592 11 -8.931e-06
7593 11 -9.67109e-05
7594 11 -0.000598614
7595 11 -0.00898861
7596 11 -5.56067e-06
7597 11 -0.00011512
10 12 -0.0761022
11 12 2.60957e-08
12 12 0.183661
13 12 0
14 12 -0.0746308
15 12 -8.87575e-09
106 12 -0.000114912
107 12 -7.2078e-06
108 12 -0.00914202
109 12 -0.000410623
110 12 -0.000131198
111 12 -4.94398e-06
7594 12 -0.000114912
7595 12 7.20779e-06
7596 12 -0.00914202
7597 12 0.000410623
7598 12 -0.000131198
7599 12 4.94395e-06
10 13 -2.60957e-08
11 13 -0.0761022
12 13 -0
13 13 0.183661
14 13 8.87575e-09
15 13 -0.0746308
106 13 7.2078e-06
107 13 -0.000114912
108 13 0.000410623
109 13 -0.00914202
110 13 4.94398e-06
111 13 -0.000131198
7594 13 -7.20779e-06
7595 13 -0.000114912
7596 13 -0.000410623
7597 13 -0.00914202
7598 13 -4.94395e-06
7599 13 -0.000131198
12 14 -0.0746308
13 14 8.87575e-09
14 14 0.207005
15 14 0
16 14 -0.0950446
17 14 -1.04888e-08
108 14 -0.000131262
109 14 -5.66854e-06
110 14 -0.00932426
111 14 -0.00033651
112 14 -0.00014514
113 14 -3.59895e-06
7596 14 -0.000131262
7597 14 5.66858e-06
7598 14 -0.00932426
7599 14 0.00033651
7600 14 -0.00014514
7601 14 3.59894e-06
12 15 -8.87575e-09
13 15 -0.0746308
14 15 -0
15 15 0.207005
16 15 1.04888e-08
17 15 -0.0950446
108 15 5.66854e-06
109 15 -0.000131262
110 15 0.00033651
111 15 -0.00932426
112 15 3.59895e-06
113 15 -0.00014514
7596 15 -5.66858e-06
7597 15 -0.000131262
7598 15 -0.00033651
7599 15 -0.00932426
7600 15 -3.59894e-06
7601 15 -0.00014514
14 16 -0.0950446
15 16 1.04888e-08
16 16 0.239078
17 16 0
18 16 -0.0925735
19 16 -3.36036e-09
110 16 -0.000145251
111 16 -4.78854e-06
112 16 -0.0127942
113 16 -0.000284526
114 16 -0.000156959
115 16 -2.21373e-06
7598 16 -1.37232e-07
7599 16 4.52419e-09
7600 16 -0.0129611
7601 16 0.000288238
7602 16 -0.000156632
7603 16 2.20894e-06
14 17 -1.04888e-08
15 17 -0.0950446
16 17 -0
17 17 0.239078
18 17 3.36036e-09
19 17 -0.0925735
110 17 4.78854e-06
111 17 -0.000145251
112 17 0.000284526
113 17 -0.0127942
114 17 2.21373e-06
115 17 -0.000156959
7598 17 -4.52419e-09
7599 17 -1.37232e-07
7600 17 -0.000288238
7601 17 -0.0129611
7602 17 -2.20894e-06
7603 17 -0.000156632
16 18 -0.0925735
17 18 3.36036e-09
18 18 0.233086
19 18 0
20 18 -0.0899948
21 18 5.19922e-09
112 18 -0.000156637
113 18 -3.08312e-06
114 18 -0.0131326
115 18 -0.000159614
116 18 -0.000165331
117 18 -1.08746e-06
7600 18 -1.14632e-07
7601 18 2.25635e-09
7602 18 -0.0133131
7603 18 0.000161796
7604 18 -0.000165626
7605 18 1.08944e-06
16 19 -3.36036e-09
17 19 -0.0925735
18 19 -0
19 19 0.233086
20 19 -5.19922e-09
21 19 -0.0899948
112 19 3.08312e-06
113 19 -0.000156637
114 19 0.000159614
115 19 -0.0131326
116 19 1.08746e-06
117 19 -0.000165331
7600 19 -2.25635e-09
7601 19 -1.14632e-07
7602 19 -0.000161796
7603 19 -0.0133131
7604 19 -1.08944e-06
7605 19 -0.000165626
18 20 -0.0899948
19 20 -5.19922e-09
20 20 0.226174
21 20 0
22 20 -0.0873431
23 20 -1.04237e-09
114 20 -0.000165608
115 20 -1.69014e-06
116 20 -0.0135153
117 20 -7.11818e-05
118 20 -0.000171498
119 20 -3.29157e-07
7604 20 -0.0137084
7605 20 7.22004e-05
7606 20 -0.000171289
7607 20 3.28661e-07
18 21 5.19922e-09
19 21 -0.0899948
20 21 -0
21 21 0.226174
22 21 1.04237e-09
23 21 -0.0873431
114 21 1.69014e-06
115 21 -0.000165608
116 21 7.11818e-05
117 21 -0.0135153
118 21 3.29157e-07
119 21 -0.000171498
7604 21 -7.22004e-05
7605 21 -0.0137084
7606 21 -3.28661e-07
7607 21 -0.000171289
20 22 -0.0873431
21 22 1.04237e-09
22 22 0.189915
23 22 0
24 22 -0.0629394
25 22 -1.26447e-10
116 22 -0.000171339
117 22 -6.77927e-07
118 22 -0.0107025
119 22 -1.35728e-05
7604 22 -2.9172e-07
7605 22 1.15426e-09
7606 22 -0.0109034
7607 22 1.38236e-05
7608 22 -8.83837e-08
7609 22 -2.3424e-12
20 23 -1.04237e-09
21 23 -0.0873431
22 23 -0
23 23 0.189915
24 23 1.26447e-10
25 23 -0.0629394
116 23 6.77927e-07
117 23 -0.000171339
118 23 1.35728e-05
119 23 -0.0107025
7604 23 -1.15426e-09
7605 23 -2.9172e-07
7606 23 -1.38236e-05
7607 23 -0.0109034
7608 23 2.3424e-12
7609 23 -8.83837e-08
22 24 -0.0629394
23 24 1.26447e-10
24 24 0.140563
25 24 0
26 24 -0.0420423
27 24 -7.93275e-10
118 24 -1.87456e-07
119 24 -1.13958e-10
120 24 -0.011055
121 24 -2.67057e-08
7608 24 -0.0110552
7609 24 2.67071e-08
22 25 -1.26447e-10
23 25 -0.0629394
24 25 -0
25 25 0.140563
26 25 7.93275e-10
27 25 -0.0420423
118 25 1.13958e-10
119 25 -1.87456e-07
120 25 2.67057e-08
121 25 -0.011055
7608 25 -2.67071e-08
7609 25 -0.0110552
24 26 -0.0420423
25 26 7.93275e-10
26 26 0.10968
27 26 0
28 26 -0.0406593
29 26 2.6766e-10
120 26 -9.54446e-08
121 26 -2.93209e-12
122 26 -0.0076691
123 26 -1.10575e-05
124 26 -1.91954e-07
125 26 -8.14985e-10
7608 26 -9.54446e-08
7609 26 2.9358e-12
7610 26 -0.00766929
7611 26 1.10581e-05
24 27 -7.93275e-10
25 27 -0.0420423
26 27 -0
27 27 0.10968
28 27 -2.6766e-10
29 27 -0.0406593
120 27 2.93209e-12
121 27 -9.54446e-08
122 27 1.10575e-05
123 27 -0.0076691
124 27 8.14985e-10
125 27 -1.91954e-07
7608 27 -2.9358e-12
7609 27 -9.54446e-08
7610 27 -1.10581e-05
7611 27 -0.00766929
26 28 -0.0406593
27 28 -2.6766e-10
28 28 0.105446
29 28 0
30 28 -0.0393104
31 28 4.30666e-09
124 28 -0.0079376
125 28 -4.43318e-05
7610 28 -7.49201e-08
7611 28 1.59684e-10
7612 28 -0.00793731
7613 28 4.43355e-05
7614 28 -1.05384e-07
7615 28 1.39928e-09
26 29 2.6766e-10
27 29 -0.0406593
28 29 -0
29 29 0.105446
30 29 -4.30666e-09
31 29 -0.0393104
124 29 4.43318e-05
125 29 -0.0079376
7610 29 -1.59684e-10
7611 29 -7.49201e-08
7612 29 -4.43355e-05
7613 29 -0.00793731
7614 29 -1.39928e-09
7615 29 -1.05384e-07
28 30 -0.0393104
29 30 -4.30666e-09
30 30 0.103043
31 30 0
32 30 -0.038019
33 30 6.74015e-11
124 30 -1.70665e-07
125 30 -1.27774e-09
126 30 -0.00821299
127 30 -0.00013494
128 30 5.5398e-09
129 30 1.40045e-10
7614 30 -0.00821316
7615 30 0.000134942
7616 30 5.5398e-09
7617 30 -1.40045e-10
28 31 4.30666e-09
29 31 -0.0393104
30 31 0
31 31 0.103043
32 31 -6.74015e-11
33 31 -0.038019
124 31 1.27774e-09
125 31 -1.70665e-07
126 31 0.00013494
127 31 -0.00821299
128 31 -1.40045e-10
129 31 5.5398e-09
7614 31 -0.000134942
7615 31 -0.00821316
7616 31 1.40045e-10
7617 31 5.5398e-09
30 32 -0.038019
31 32 -6.74015e-11
32 32 0.1008
33 32 0
34 32 -0.0368086
35 32 -6.06019e-09
126 32 -5.54074e-09
127 32 -1.03343e-10
128 32 -0.00849017
129 32 -0.000238408
130 32 -1.5591e-07
131 32 -6.31411e-09
7614 32 -5.54074e-09
7615 32 1.03342e-10
7616 32 -0.00849032
7617 32 0.000238412
30 33 6.74015e-11
31 33 -0.038019
32 33 -0
33 33 0.1008
34 33 6.06019e-09
35 33 -0.0368086
126 33 1.03343e-10
127 33 -5.54074e-09
128 33 0.000238408
129 33 -0.00849017
130 33 6.31411e-09
131 33 -1.5591e-07
7614 33 -1.03342e-10
7615 33 -5.54074e-09
7616 33 -0.000238412
7617 33 -0.00849032
32 34 -0.0368086
33 34 6.06019e-09
34 34 0.100162
35 34 0
36 34 0.0356983
37 34 -5.16108e-09
130 34 -0.00876116
131 34 -0.000384077
132 34 2.31105e-08
133 34 1.23743e-09
7616 34 -1.11141e-07
7617 34 3.43262e-09
7618 34 -0.0087609
7619 34 0.000384077
7620 34 3.11074e-08
7621 34 -1.66566e-09
32 35 -6.06019e-09
33 35 -0.0368086
34 35 -0
35 35 0.100162
36 35 -5.16108e-09
37 35 -0.0356983
130 35 0.000384077
131 35 -0.00876116
132 35 1.23743e-09
133 35 -2.31105e-08
7616 35 -3.43262e-09
7617 35 -1.11141e-07
7618 35 -0.000384077
7619 35 -0.0087609
7620 35 -1.66566e-09
7621 35 -3.11074e-08
34 36 0.0356983
35 36 -5.16108e-09
36 36 0.0954825
37 36 0
38 36 -0.0347091
39 36 -1.58035e-09
132 36 -0.00902034
133 36 0.000502569
7620 36 -0.00902013
7621 36 -0.000502565
7622 36 -7.04097e-08
7623 36 -5.43015e-09
34 37 -5.16108e-09
35 37 -0.0356983
36 37 -0
37 37 0.0954825
38 37 1.58035e-09
39 37 -0.0347091
132 37 -0.000502569
133 37 -0.00902034
7620 37 0.000502565
7621 37 -0.00902013
7622 37 5.43015e-09
7623 37 -7.04097e-08
36 38 -0.0347091
37 38 1.58035e-09
38 38 0.0967033
39 38 0
40 38 -0.0338575
41 38 3.10811e-09
132 38 -2.04228e-07
133 38 1.21206e-08
134 38 -0.00924862
135 38 0.000751041
136 38 -3.23447e-08
137 38 3.65676e-09
7622 38 -0.00924883
7623 38 -0.000751058
7624 38 -3.23447e-08
7625 38 -3.65674e-09
36 39 -1.58035e-09
37 39 -0.0347091
38 39 -0
39 39 0.0967033
40 39 -3.10811e-09
41 39 -0.0338575
132 39 -1.21206e-08
133 39 -2.04228e-07
134 39 -0.000751041
135 39 -0.00924862
136 39 -3.65676e-09
137 39 -3.23447e-08
7622 39 0.000751058
7623 39 -0.00924883
7624 39 3.65674e-09
7625 39 -3.23447e-08
38 40 -0.0338575
39 40 -3.10811e-09
40 40 0.0913705
41 40 0
42 40 -0.033157
43 40 -7.20304e-09
136 40 -0.00943123
137 40 0.00110864
7624 40 -0.00943123
7625 40 -0.00110863
38 41 3.10811e-09
39 41 -0.0338575
40 41 -0
41 41 0.0913705
42 41 7.20304e-09
43 41 -0.033157
136 41 -0.00110864
137 41 -0.00943123
7624 41 0.00110863
7625 41 -0.00943123
40 42 -0.033157
41 42 7.20304e-09
42 42 0.094376
43 42 0
44 42 -0.0326218
45 42 1.93471e-09
136 42 -2.04422e-08
137 42 2.49508e-09
138 42 -0.00967154
139 42 -0.000290908
7624 42 -2.87608e-07
7625 42 -3.51037e-08
7626 42 -0.00967108
7627 42 0.000290897
7628 42 -3.15298e-08
7629 42 7.98744e-10
40 43 -7.20304e-09
41 43 -0.033157
42 43 -0
43 43 0.094376
44 43 -1.93471e-09
45 43 -0.0326218
136 43 -2.49508e-09
137 43 -2.04422e-08
138 43 0.000290908
139 43 -0.00967154
7624 43 3.51037e-08
7625 43 -2.87608e-07
7626 43 -0.000290897
7627 43 -0.00967108
7628 43 -7.98744e-10
7629 43 -3.15298e-08
42 44 -0.0326218
43 44 -1.93471e-09
44 44 0.0935871
45 44 0
46 44 -0.0322593
47 44 4.72964e-11
138 44 -2.41965e-07
139 44 -6.12959e-09
140 44 -0.00980823
141 44 -0.000199814
142 44 -8.75215e-08
143 44 -1.34844e-09
7628 44 -0.00980847
7629 44 0.000199818
7630 44 -8.75216e-08
7631 44 1.34842e-09
42 45 1.93471e-09
43 45 -0.0326218
44 45 -0
45 45 0.0935871
46 45 -4.72964e-11
47 45 -0.0322593
138 45 6.12959e-09
139 45 -2.41965e-07
140 45 0.000199814
141 45 -0.00980823
142 45 1.34844e-09
143 45 -8.75215e-08
7628 45 -0.000199818
7629 45 -0.00980847
7630 45 -1.34842e-09
7631 45 -8.75216e-08
44 46 -0.0322593
45 46 -4.72964e-11
46 46 0.0905579
47 46 0
48 46 -0.0320759
49 46 -2.63886e-06
142 46 -0.00989384
143 46 -0.000102016
144 46 -4.79982e-08
145 46 -2.44569e-10
7630 46 -0.00989389
7631 46 0.000102015
44 47 4.72964e-11
45 47 -0.0322593
46 47 -0
47 47 0.0905579
48 47 2.63886e-06
49 47 -0.0320759
142 47 0.000102016
143 47 -0.00989384
144 47 2.44569e-10
145 47 -4.79982e-08
7630 47 -0.000102015
7631 47 -0.00989389
46 48 -0.0320759
47 48 2.63886e-06
48 48 0.0917079
49 48 0
50 48 -0.0320759
51 48 -2.63886e-06
144 48 -0.00992289
145 48 0
7630 48 -2.23351e-07
7631 48 1.17485e-09
7632 48 -0.00992227
7633 48 0
7634 48 -2.23351e-07
7635 48 -1.17485e-09
46 49 -2.63886e-06
47 49 -0.0320759
48 49 -0
49 49 0.0917079
50 49 2.63886e-06
51 49 -0.0320759
144 49 0
145 49 -0.00992289
7630 49 -1.17485e-09
7631 49 -2.23351e-07
7632 49 0
7633 49 -0.00992227
7634 49 1.17485e-09
7635 49 -2.23351e-07
48 50 -0.0320759
49 50 2.63886e-06
50 50 0.0905579
51 50 0
52 50 -0.0322593
53 50 4.72964e-11
144 50 -4.79982e-08
145 50 2.44569e-10
146 50 -0.00989384
147 50 0.000102016
7634 50 -0.00989389
7635 50 -0.000102015
48 51 -2.63886e-06
49 51 -0.0320759
50 51 -0
51 51 0.0905579
52 51 -4.72964e-11
53 51 -0.0322593
144 51 -2.44569e-10
145 51 -4.79982e-08
146 51 -0.000102016
147 51 -0.00989384
7634 51 0.000102015
7635 51 -0.00989389
50 52 -0.0322593
51 52 -4.72964e-11
52 52 0.0935871
53 52 0
54 52 -0.0326218
55 52 1.93471e-09
146 52 -8.75215e-08
147 52 1.34844e-09
148 52 -0.00980823
149 52 0.000199814
150 52 -2.41965e-07
151 52 6.12959e-09
7634 52 -8.75216e-08
7635 52 -1.34842e-09
7636 52 -0.00980847
7637 52 -0.000199818
50 53 4.72964e-11
51 53 -0.0322593
52 53 -0
53 53 0.0935871
54 53 -1.93471e-09
55 53 -0.0326218
146 53 -1.34844e-09
147 53 -8.75215e-08
148 53 -0.000199814
149 53 -0.00980823
150 53 -6.12959e-09
151 53 -2.41965e-07
7634 53 1.34842e-09
7635 53 -8.75216e-08
7636 53 0.000199818
7637 53 -0.00980847
52 54 -0.0326218
53 54 -1.93471e-09
54 54 0.094376
55 54 0
56 54 0.033157
57 54 7.20304e-09
150 54 -0.00967154
151 54 0.000290908
152 54 2.04422e-08
153 54 2.49508e-09
7636 54 -3.15298e-08
7637 54 -7.98744e-10
7638 54 -0.00967108
7639 54 -0.000290897
7640 54 2.87608e-07
7641 54 -3.51037e-08
52 55 1.93471e-09
53 55 -0.0326218
54 55 -0
55 55 0.094376
56 55 -7.20304e-09
57 55 0.033157
150 55 -0.000290908
151 55 -0.00967154
152 55 -2.49508e-09
153 55 2.04422e-08
7636 55 7.98744e-10
7637 55 -3.15298e-08
7638 55 0.000290897
7639 55 -0.00967108
7640 55 3.51037e-08
7641 55 2.87608e-07
54 56 0.033157
55 56 -7.20304e-09
56 56 0.0913705
57 56 0
58 56 -0.0338575
59 56 3.10811e-09
152 56 -0.00943123
153 56 -0.00110864
7640 56 -0.00943123
7641 56 0.00110863
54 57 7.20304e-09
55 57 0.033157
56 57 -0
57 57 0.0913705
58 57 -3.10811e-09
59 57 -0.0338575
152 57 0.00110864
153 57 -0.00943123
7640 57 -0.00110863
7641 57 -0.00943123
56 58 -0.0338575
57 58 -3.10811e-09
58 58 0.0967033
59 58 0
60 58 -0.0347091
61 58 -1.58035e-09
152 58 -3.23447e-08
153 58 -3.65676e-09
154 58 -0.00924862
155 58 -0.000751041
156 58 -2.04228e-07
157 58 -1.21206e-08
7640 58 -3.23447e-08
7641 58 3.65674e-09
7642 58 -0.00924883
7643 58 0.000751058
56 59 3.10811e-09
57 59 -0.0338575
58 59 -0
59 59 0.0967033
60 59 1.58035e-09
61 59 -0.0347091
152 59 3.65676e-09
153 59 -3.23447e-08
154 59 0.000751041
155 59 -0.00924862
156 59 1.21206e-08
157 59 -2.04228e-07
7640 59 -3.65674e-09
7641 59 -3.23447e-08
7642 59 -0.000751058
7643 59 -0.00924883
58 60 -0.0347091
59 60 1.58035e-09
60 60 0.0954825
61 60 0
62 60 0.0356983
63 60 5.16108e-09
156 60 -0.00902034
157 60 -0.000502569
7642 60 -7.04097e-08
7643 60 5.43015e-09
7644 60 -0.00902013
7645 60 0.000502565
58 61 -1.58035e-09
59 61 -0.0347091
60 61 -0
61 61 0.0954825
62 61 5.16108e-09
63 61 -0.0356983
156 61 0.000502569
157 61 -0.00902034
7642 61 -5.43015e-09
7643 61 -7.04097e-08
7644 61 -0.000502565
7645 61 -0.00902013
60 62 0.0356983
61 62 5.16108e-09
62 62 0.100162
63 62 0
64 62 -0.0368086
65 62 -6.06019e-09
156 62 2.31105e-08
157 62 -1.23743e-09
158 62 -0.00876116
159 62 0.000384077
7644 62 3.11074e-08
7645 62 1.66566e-09
7646 62 -0.0087609
7647 62 -0.000384077
7648 62 -1.11141e-07
7649 62 -3.43262e-09
60 63 5.16108e-09
61 63 -0.0356983
62 63 -0
63 63 0.100162
64 63 6.06019e-09
65 63 -0.0368086
156 63 -1.23743e-09
157 63 -2.31105e-08
158 63 -0.000384077
159 63 -0.00876116
7644 63 1.66566e-09
7645 63 -3.11074e-08
7646 63 0.000384077
7647 63 -0.0087609
7648 63 3.43262e-09
7649 63 -1.11141e-07
62 64 -0.0368086
63 64 6.06019e-09
64 64 0.1008
65 64 0
66 64 -0.038019
67 64 6.74015e-11
158 64 -1.5591e-07
159 64 6.31411e-09
160 64 -0.00849017
161 64 0.000238408
162 64 -5.54074e-09
163 64 1.03343e-10
7648 64 -0.00849032
7649 64 -0.000238412
7650 64 -5.54074e-09
7651 64 -1.03342e-10
62 65 -6.06019e-09
63 65 -0.0368086
64 65 -0
65 65 0.1008
66 65 -6.74015e-11
67 65 -0.038019
158 65 -6.31411e-09
159 65 -1.5591e-07
160 65 -0.000238408
161 65 -0.00849017
162 65 -1.03343e-10
163 65 -5.54074e-09
7648 65 0.000238412
7649 65 -0.00849032
7650 65 1.03342e-10
7651 65 -5.54074e-09
64 66 -0.038019
65 66 -6.74015e-11
66 66 0.103043
67 66 0
68 66 -0.0393104
69 66 4.30666e-09
160 66 5.5398e-09
161 66 -1.40045e-10
162 66 -0.00821299
163 66 0.00013494
164 66 -1.70665e-07
165 66 1.27774e-09
7648 66 5.5398e-09
7649 66 1.40045e-10
7650 66 -0.00821316
7651 66 -0.000134942
64 67 6.74015e-11
65 67 -0.038019
66 67 0
67 67 0.103043
68 67 -4.30666e-09
69 67 -0.0393104
160 67 1.40045e-10
161 67 5.5398e-09
162 67 -0.00013494
163 67 -0.00821299
164 67 -1.27774e-09
165 67 -1.70665e-07
7648 67 -1.40045e-10
7649 67 5.5398e-09
7650 67 0.000134942
7651 67 -0.00821316
66 68 -0.0393104
67 68 -4.30666e-09
68 68 0.105446
69 68 0
70 68 -0.0406593
71 68 2.6766e-10
164 68 -0.0079376
165 68 4.43318e-05
7650 68 -1.05384e-07
7651 68 -1.39928e-09
7652 68 -0.00793731
7653 68 -4.43355e-05
7654 68 -7.49201e-08
7655 68 -1.59684e-10
66 69 4.30666e-09
67 69 -0.0393104
68 69 -0
69 69 0.105446
70 69 -2.6766e-10
71 69 -0.0406593
164 69 -4.43318e-05
165 69 -0.0079376
7650 69 1.39928e-09
7651 69 -1.05384e-07
7652 69 4.43355e-05
7653 69 -0.00793731
7654 69 1.59684e-10
7655 69 -7.49201e-08
68 70 -0.0406593
69 70 -2.6766e-10
70 70 0.10968
71 70 0
72 70 -0.0420423
73 70 -7.93275e-10
164 70 -1.91954e-07
165 70 8.14985e-10
166 70 -0.0076691
167 70 1.10575e-05
168 70 -9.54446e-08
169 70 2.93209e-12
7654 70 -0.00766929
7655 70 -1.10581e-05
7656 70 -9.54446e-08
7657 70 -2.9358e-12
68 71 2.6766e-10
69 71 -0.0406593
70 71 -0
71 71 0.10968
72 71 7.93275e-10
73 71 -0.0420423
164 71 -8.14985e-10
165 71 -1.91954e-07
166 71 -1.10575e-05
167 71 -0.0076691
168 71 -2.93209e-12
169 71 -9.54446e-08
7654 71 1.10581e-05
7655 71 -0.00766929
7656 71 2.9358e-12
7657 71 -9.54446e-08
70 72 -0.0420423
71 72 7.93275e-10
72 72 0.140563
73 72 0
74 72 -0.0629394
75 72 -1.26447e-10
168 72 -0.011055
169 72 2.67057e-08
170 72 -1.87456e-07
171 72 1.13958e-10
7656 72 -0.0110552
7657 72 -2.67071e-08
70 73 -7.93275e-10
71 73 -0.0420423
72 73 -0
73 73 0.140563
74 73 1.26447e-10
75 73 -0.0629394
168 73 -2.67057e-08
169 73 -0.011055
170 73 -1.13958e-10
171 73 -1.87456e-07
7656 73 2.67071e-08
7657 73 -0.0110552
72 74 -0.0629394
73 74 1.26447e-10
74 74 0.189004
75 74 0
76 74 -0.0873431
77 74 -1.04237e-09
170 74 -0.0109039
171 74 1.38282e-05
7656 74 -8.83837e-08
7657 74 2.3424e-12
7658 74 -0.0107021
7659 74 -1.35684e-05
7660 74 -0.000171534
7661 74 -6.78715e-07
72 75 -1.26447e-10
73 75 -0.0629394
74 75 -0
75 75 0.189004
76 75 1.04237e-09
77 75 -0.0873431
170 75 -1.38282e-05
171 75 -0.0109039
7656 75 -2.3424e-12
7657 75 -8.83837e-08
7658 75 1.35684e-05
7659 75 -0.0107021
7660 75 6.78715e-07
7661 75 -0.000171534
74 76 -0.0873431
75 76 1.04237e-09
76 76 0.227995
77 76 0
78 76 -0.0899949
79 76 5.19922e-09
170 76 -0.000171534
171 76 3.29227e-07
172 76 -0.0137079
173 76 7.21963e-05
174 76 -2.55052e-07
175 76 2.60298e-09
7658 76 -0.000171289
7659 76 -3.28661e-07
7660 76 -0.0135157
7661 76 -7.11851e-05
7662 76 -0.000165436
7663 76 -1.68825e-06
74 77 -1.04237e-09
75 77 -0.0873431
76 77 -0
77 77 0.227995
78 77 -5.19922e-09
79 77 -0.0899949
170 77 -3.29227e-07
171 77 -0.000171534
172 77 -7.21963e-05
173 77 -0.0137079
174 77 -2.60298e-09
175 77 -2.55052e-07
7658 77 3.28661e-07
7659 77 -0.000171289
7660 77 7.11851e-05
7661 77 -0.0135157
7662 77 1.68825e-06
7663 77 -0.000165436
76 78 -0.0899949
77 78 -5.19922e-09
78 78 0.231213
79 78 0
80 78 -0.0925734
81 78 -3.36036e-09
172 78 -0.000165331
173 78 1.08746e-06
174 78 -0.0133137
175 78 0.000161815
7660 78 -0.000165574
7661 78 -1.0891e-06
7662 78 -0.0131322
7663 78 -0.000159597
7664 78 -0.000156713
7665 78 -3.08466e-06
76 79 5.19922e-09
77 79 -0.0899949
78 79 -0
79 79 0.231213
80 79 3.36036e-09
81 79 -0.0925734
172 79 -1.08746e-06
173 79 -0.000165331
174 79 -0.000161815
175 79 -0.0133137
7660 79 1.0891e-06
7661 79 -0.000165574
7662 79 0.000159597
7663 79 -0.0131322
7664 79 3.08466e-06
7665 79 -0.000156713
78 80 -0.0925734
79 80 3.36036e-09
80 80 0.240015
81 80 0
82 80 -0.0950446
83 80 -1.04888e-08
174 80 -0.000157055
175 80 2.21508e-06
176 80 -0.0129607
177 80 0.000288227
178 80 -1.37232e-07
179 80 4.52416e-09
7662 80 -0.000156632
7663 80 -2.20894e-06
7664 80 -0.0127946
7665 80 -0.000284535
7666 80 -0.000145251
7667 80 -4.78857e-06
78 81 -3.36036e-09
79 81 -0.0925734
80 81 -0
81 81 0.240015
82 81 1.04888e-08
83 81 -0.0950446
174 81 -2.21508e-06
175 81 -0.000157055
176 81 -0.000288227
177 81 -0.0129607
178 81 -4.52416e-09
179 81 -1.37232e-07
7662 81 2.20894e-06
7663 81 -0.000156632
7664 81 0.000284535
7665 81 -0.0127946
7666 81 4.78857e-06
7667 81 -0.000145251
80 82 -0.0950446
81 82 1.04888e-08
82 82 0.207005
83 82 0
84 82 -0.0746308
85 82 -8.87575e-09
176 82 -0.00014514
177 82 3.59895e-06
178 82 -0.00932426
179 82 0.00033651
180 82 -0.000131262
181 82 5.66854e-06
7664 82 -0.00014514
7665 82 -3.59894e-06
7666 82 -0.00932426
7667 82 -0.00033651
7668 82 -0.000131262
7669 82 -5.66858e-06
80 83 -1.04888e-08
81 83 -0.0950446
82 83 -0
83 83 0.207005
84 83 8.87575e-09
85 83 -0.0746308
176 83 -3.59895e-06
177 83 -0.00014514
178 83 -0.00033651
179 83 -0.00932426
180 83 -5.66854e-06
181 83 -0.000131262
7664 83 3.59894e-06
7665 83 -0.00014514
7666 83 0.00033651
7667 83 -0.00932426
7668 83 5.66858e-06
7669 83 -0.000131262
82 84 -0.0746308
83 84 8.87575e-09
84 84 0.183661
85 84 0
86 84 -0.0761022
87 84 -2.60957e-08
178 84 -0.000131198
179 84 4.94398e-06
180 84 -0.00914202
181 84 0.000410623
182 84 -0.000114912
183 84 7.2078e-06
7666 84 -0.000131198
7667 84 -4.94395e-06
7668 84 -0.00914202
7669 84 -0.000410623
7670 84 -0.000114912
7671 84 -7.20779e-06
82 85 -8.87575e-09
83 85 -0.0746308
84 85 -0
85 85 0.183661
86 85 2.60957e-08
87 85 -0.0761022
178 85 -4.94398e-06
179 85 -0.000131198
180 85 -0.000410623
181 85 -0.00914202
182 85 -7.2078e-06
183 85 -0.000114912
7666 85 4.94395e-06
7667 85 -0.000131198
7668 85 0.000410623
7669 85 -0.00914202
7670 85 7.20779e-06
7671 85 -0.000114912
84 86 -0.0761022
85 86 2.60957e-08
86 86 0.19449
87 86 0
88 86 -0.0773683
89 86 -2.65892e-08
180 86 -0.00011512
181 86 5.56075e-06
182 86 -0.0089886
183 86 0.000598621
184 86 -9.67109e-05
185 86 8.93103e-06
7668 86 -0.00011512
7669 86 -5.56067e-06
7670 86 -0.00898861
7671 86 -0.000598614
7672 86 -9.67109e-05
7673 86 -8.931e-06
84 87 -2.60957e-08
85 87 -0.0761022
86 87 -0
87 87 0.19449
88 87 2.65892e-08
89 87 -0.0773683
180 87 -5.56075e-06
181 87 -0.00011512
182 87 -0.000598621
183 87 -0.0089886
184 87 -8.93103e-06
185 87 -9.67109e-05
7668 87 5.56067e-06
7669 87 -0.00011512
7670 87 0.000598614
7671 87 -0.00898861
7672 87 8.931e-06
7673 87 -9.67109e-05
86 88 -0.0773683
87 88 2.65892e-08
88 88 0.188526
89 88 0
90 88 -0.078406
91 88 -7.02274e-08
182 88 -9.67147e-05
183 88 6.81609e-06
184 88 -0.00886105
185 88 0.000856491
186 88 -7.65236e-05
187 88 1.04459e-05
7670 88 -9.67147e-05
7671 88 -6.81595e-06
7672 88 -0.00886105
7673 88 -0.000856482
7674 88 -7.65237e-05
7675 88 -1.04458e-05
86 89 -2.65892e-08
87 89 -0.0773683
88 89 -0
89 89 0.188526
90 89 7.02274e-08
91 89 -0.078406
182 89 -6.81609e-06
183 89 -9.67147e-05
184 89 -0.000856491
185 89 -0.00886105
186 89 -1.04459e-05
187 89 -7.65236e-05
7670 89 6.81595e-06
7671 89 -9.67147e-05
7672 89 0.000856482
7673 89 -0.00886105
7674 89 1.04458e-05
7675 89 -7.65237e-05
88 90 -0.078406
89 90 7.02274e-08
90 90 0.194467
91 90 0
92 90 -0.0792016
93 90 2.19238e-07
184 90 -7.68957e-05
185 90 7.76465e-06
186 90 -0.00874432
187 90 0.00123478
188 90 -5.60902e-05
189 90 -1.7005e-06
7672 90 -7.68958e-05
7673 90 -7.76443e-06
7674 90 -0.00874433
7675 90 -0.00123476
7676 90 -5.60902e-05
7677 90 1.70078e-06
88 91 -7.02274e-08
89 91 -0.078406
90 91 -0
91 91 0.194467
92 91 -2.19238e-07
93 91 -0.0792016
184 91 -7.76465e-06
185 91 -7.68957e-05
186 91 -0.00123478
187 91 -0.00874432
188 91 1.7005e-06
189 91 -5.60902e-05
7672 91 7.76443e-06
7673 91 -7.68958e-05
7674 91 0.00123476
7675 91 -0.00874433
7676 91 -1.70078e-06
7677 91 -5.60902e-05
90 92 -0.0792016
91 92 -2.19238e-07
92 92 0.200081
93 92 0
94 92 -0.079738
95 92 -3.36925e-10
186 92 -5.56445e-05
187 92 8.11973e-06
188 92 -0.00879128
189 92 -0.00022362
190 92 -3.41941e-05
191 92 -7.02697e-07
7674 92 -5.56445e-05
7675 92 -8.11987e-06
7676 92 -0.00879128
7677 92 0.000223616
7678 92 -3.42095e-05
7679 92 7.02996e-07
90 93 2.19238e-07
91 93 -0.0792016
92 93 -0
93 93 0.200081
94 93 3.36925e-10
95 93 -0.079738
186 93 -8.11973e-06
187 93 -5.56445e-05
188 93 0.00022362
189 93 -0.00879128
190 93 7.02697e-07
191 93 -3.41941e-05
7674 93 8.11987e-06
7675 93 -5.56445e-05
7676 93 -0.000223616
7677 93 -0.00879128
7678 93 -7.02996e-07
7679 93 -3.42095e-05
0 94 -0.09334
1 94 -0.000586768
92 94 -0.079738
93 94 3.36925e-10
94 94 0.209756
95 94 0
96 94 -1.14167e-05
97 94 -1.61252e-07
188 94 -3.39788e-05
189 94 -6.9825e-07
190 94 -0.0102857
191 94 -0.000159297
7676 94 -3.39755e-05
7677 94 6.9817e-07
7678 94 -0.0102857
7679 94 0.000159292
0 95 0.000586768
1 95 -0.09334
92 95 -3.36925e-10
93 95 -0.079738
94 95 -0
95 95 0.209756
96 95 1.61252e-07
97 95 -1.14167e-05
188 95 6.9825e-07
189 95 -3.39788e-05
190 95 0.000159297
191 95 -0.0102857
7676 95 -6.9817e-07
7677 95 -3.39755e-05
7678 95 -0.000159292
7679 95 -0.0102857
0 96 -0.0117611
1 96 0
2 96 -2.28334e-05
3 96 -3.22504e-07
94 96 -1.14167e-05
95 96 1.61252e-07
96 96 0.200707
97 96 0
98 96 -0.0798923
99 96 -0.000502229
190 96 -0.0800058
191 96 0.000502943
192 96 -0.0117616
193 96 0
194 96 -1.13443e-05
195 96 1.73758e-08
286 96 -1.13443e-05
287 96 -1.73758e-08
0 97 0
1 97 -0.0117611
2 97 3.22504e-07
3 97 -2.28334e-05
94 97 -1.61252e-07
95 97 -1.14167e-05
96 97 -0
97 97 0.200707
98 97 0.000502229
99 97 -0.0798923
190 97 -0.000502943
191 97 -0.0800058
192 97 0
193 97 -0.0117616
194 97 -1.73758e-08
195 97 -1.13443e-05
286 97 1.73758e-08
287 97 -1.13443e-05
0 98 -5.85492e-08
1 98 -8.96753e-11
2 98 -0.010273
3 98 -0.0001591
4 98 -3.41941e-05
5 98 -7.02697e-07
96 98 -0.0798923
97 98 0.000502229
98 98 0.201204
99 98 0
100 98 -0.0797378
101 98 -4.98692e-08
192 98 -1.14818e-05
193 98 1.75889e-08
194 98 -0.00878979
195 98 0.00013613
196 98 -3.40498e-05
197 98 6.99733e-07
0 99 8.96753e-11
1 99 -5.85492e-08
2 99 0.0001591
3 99 -0.010273
4 99 7.02697e-07
5 99 -3.41941e-05
96 99 -0.000502229
97 99 -0.0798923
98 99 -0
99 99 0.201204
100 99 4.98692e-08
101 99 -0.0797378
192 99 -1.75889e-08
193 99 -1.14818e-05
194 99 -0.00013613
195 99 -0.00878979
196 99 -6.99733e-07
197 99 -3.40498e-05
2 100 -3.39788e-05
3 100 -6.9825e-07
4 100 -0.00879128
5 100 -0.00022362
6 100 5.60902e-05
7 100 1.7005e-06
98 100 -0.0797378
99 100 4.98692e-08
100 100 0.195837
101 100 0
102 100 0.0779883
103 100 0.0138059
194 100 -3.43151e-05
195 100 7.05203e-07
196 100 -0.00879137
197 100 0.000223636
198 100 5.37781e-05
199 100 1.73414e-05
2 101 6.9825e-07
3 101 -3.39788e-05
4 101 0.00022362
5 101 -0.00879128
6 101 -1.7005e-06
7 101 5.60902e-05
98 101 -4.98692e-08
99 101 -0.0797378
100 101 -0
101 101 0.195837
102 101 -0.0138059
103 101 0.0779883
194 101 -7.05203e-07
195 101 -3.43151e-05
196 101 -0.000223636
197 101 -0.00879137
198 101 -1.73414e-05
199 101 5.37781e-05
4 102 5.56445e-05
5 102 -8.11973e-06
6 102 -0.00874432
7 102 0.00123478
8 102 -7.65236e-05
9 102 1.04459e-05
100 102 0.0779883
101 102 -0.0138059
102 102 0.192428
103 102 0
104 102 -0.0783583
105 102 0.0027462
196 102 5.48916e-05
197 102 -1.1443e-05
198 102 -0.00875436
199 102 -0.00116327
200 102 -7.6999e-05
201 102 -4.7744e-06
4 103 8.11973e-06
5 103 5.56445e-05
6 103 -0.00123478
7 103 -0.00874432
8 103 -1.04459e-05
9 103 -7.65236e-05
100 103 0.0138059
101 103 0.0779883
102 103 -0
103 103 0.192428
104 103 -0.0027462
105 103 -0.0783583
196 103 1.1443e-05
197 103 5.48916e-05
198 103 0.00116327
199 103 -0.00875436
200 103 4.7744e-06
201 103 -7.6999e-05
6 104 -7.68957e-05
7 104 7.76465e-06
8 104 -0.00886105
9 104 0.000856491
10 104 -9.67109e-05
11 104 8.93103e-06
102 104 -0.0783583
103 104 -0.0027462
104 104 0.196842
105 104 0
106 104 -0.07735
107 104 0.00168084
198 104 -7.62625e-05
199 104 -1.25047e-05
200 104 -0.0088634
201 104 -0.00082385
202 104 -9.7199e-05
203 104 -4.55309e-06
6 105 -7.76465e-06
7 105 -7.68957e-05
8 105 -0.000856491
9 105 -0.00886105
10 105 -8.93103e-06
11 105 -9.67109e-05
102 105 0.0027462
103 105 -0.0783583
104 105 -0
105 105 0.196842
106 105 -0.00168084
107 105 -0.07735
198 105 1.25047e-05
199 105 -7.62625e-05
200 105 0.00082385
201 105 -0.0088634
202 105 4.55309e-06
203 105 -9.7199e-05
8 106 -9.67147e-05
9 106 6.81609e-06
10 106 -0.0089886
11 106 0.000598621
12 106 -0.000114912
13 106 7.2078e-06
104 106 -0.07735
105 106 -0.00168084
106 106 0.188311
107 106 0
108 106 -0.076093
109 106 0.00109403
200 106 -9.64803e-05
201 106 -1.06694e-05
202 106 -0.00899018
203 106 -0.000582254
204 106 -0.000115238
205 106 -3.79642e-06
8 107 -6.81609e-06
9 107 -9.67147e-05
10 107 -0.000598621
11 107 -0.0089886
12 107 -7.2078e-06
13 107 -0.000114912
104 107 0.00168084
105 107 -0.07735
106 107 -0
107 107 0.188311
108 107 -0.00109403
109 107 -0.076093
200 107 1.06694e-05
201 107 -9.64803e-05
202 107 0.000582254
203 107 -0.00899018
204 107 3.79642e-06
205 107 -0.000115238
10 108 -0.00011512
11 108 5.56075e-06
12 108 -0.00914202
13 108 0.000410623
14 108 -0.000131262
15 108 5.66854e-06
106 108 -0.076093
107 108 -0.00109403
108 108 0.188667
109 108 0
110 108 -0.0746298
111 108 0.000409919
202 108 -0.000114764
203 108 -8.64598e-06
204 108 -0.00914242
205 108 -0.000401872
206 108 -0.00013123
207 108 -4.13252e-06
10 109 -5.56075e-06
11 109 -0.00011512
12 109 -0.000410623
13 109 -0.00914202
14 109 -5.66854e-06
15 109 -0.000131262
106 109 0.00109403
107 109 -0.076093
108 109 -0
109 109 0.188667
110 109 -0.000409919
111 109 -0.0746298
202 109 8.64598e-06
203 109 -0.000114764
204 109 0.000401872
205 109 -0.00914242
206 109 4.13252e-06
207 109 -0.00013123
12 110 -0.000131198
13 110 4.94398e-06
14 110 -0.00932426
15 110 0.00033651
16 110 -0.000145251
17 110 4.78854e-06
108 110 -0.0746298
109 110 -0.000409919
110 110 0.20591
111 110 0
112 110 -0.0950415
113 110 0.000775953
204 110 -0.000131161
205 110 -6.26024e-06
206 110 -0.00932455
207 110 -0.000330054
208 110 -0.000145156
209 110 -2.36145e-06
12 111 -4.94398e-06
13 111 -0.000131198
14 111 -0.00033651
15 111 -0.00932426
16 111 -4.78854e-06
17 111 -0.000145251
108 111 0.000409919
109 111 -0.0746298
110 111 -0
111 111 0.20591
112 111 -0.000775953
113 111 -0.0950415
204 111 6.26024e-06
205 111 -0.000131161
206 111 0.000330054
207 111 -0.00932455
208 111 2.36145e-06
209 111 -0.000145156
14 112 -0.00014514
15 112 3.59895e-06
16 112 -0.0127942
17 112 0.000284526
18 112 -0.000156637
19 112 3.08312e-06
110 112 -0.0950415
111 112 -0.000775953
112 112 0.236961
113 112 0
114 112 -0.0925708
115 112 0.000516354
206 112 -0.000145354
207 112 -5.87943e-06
208 112 -0.0127949
209 112 -0.00027993
210 112 -0.000156803
211 112 -1.30924e-06
14 113 -3.59895e-06
15 113 -0.00014514
16 113 -0.000284526
17 113 -0.0127942
18 113 -3.08312e-06
19 113 -0.000156637
110 113 0.000775953
111 113 -0.0950415
112 113 -0
113 113 0.236961
114 113 -0.000516354
115 113 -0.0925708
206 113 5.87943e-06
207 113 -0.000145354
208 113 0.00027993
209 113 -0.0127949
210 113 1.30924e-06
211 113 -0.000156803
16 114 -0.000156959
17 114 2.21373e-06
18 114 -0.0131326
19 114 0.000159614
20 114 -0.000165608
21 114 1.69014e-06
112 114 -0.0925708
113 114 -0.000516354
114 114 0.232025
115 114 0
116 114 -0.0899956
117 114 0.000326494
208 114 -0.000156525
209 114 -3.89801e-06
210 114 -0.013132
211 114 -0.000157305
212 114 -0.000165401
213 114 -4.76348e-07
16 115 -2.21373e-06
17 115 -0.000156959
18 115 -0.000159614
19 115 -0.0131326
20 115 -1.69014e-06
21 115 -0.000165608
112 115 0.000516354
113 115 -0.0925708
114 115 -0
115 115 0.232025
116 115 -0.000326494
117 115 -0.0899956
208 115 3.89801e-06
209 115 -0.000156525
210 115 0.000157305
211 115 -0.013132
212 115 4.76348e-07
213 115 -0.000165401
18 116 -0.000165331
19 116 1.08746e-06
20 116 -0.0135153
21 116 7.11818e-05
22 116 -0.000171339
23 116 6.77927e-07
114 116 -0.0899956
115 116 -0.000326494
116 116 0.226954
117 116 0
118 116 -0.0873409
119 116 0.000177943
210 116 -0.000165752
211 116 -2.26398e-06
212 116 -0.0135153
213 116 -7.02425e-05
214 116 -0.000171659
215 116 2.30569e-08
18 117 -1.08746e-06
19 117 -0.000165331
20 117 -7.11818e-05
21 117 -0.0135153
22 117 -6.77927e-07
23 117 -0.000171339
114 117 0.000326494
115 117 -0.0899956
116 117 -0
117 117 0.226954
118 117 -0.000177943
119 117 -0.0873409
210 117 2.26398e-06
211 117 -0.000165752
212 117 7.02425e-05
213 117 -0.0135153
214 117 -2.30569e-08
215 117 -0.000171659
20 118 -0.000171498
21 118 3.29157e-07
22 118 -0.0107025
23 118 1.35728e-05
24 118 -1.87456e-07
25 118 1.13958e-10
116 118 -0.0873409
117 118 -0.000177943
118 118 0.189753
119 118 0
120 118 -0.0629406
121 118 3.99309e-05
212 118 -0.000171318
213 118 -1.015e-06
214 118 -0.0107023
215 118 -1.34e-05
20 119 -3.29157e-07
21 119 -0.000171498
22 119 -1.35728e-05
23 119 -0.0107025
24 119 -1.13958e-10
25 119 -1.87456e-07
116 119 0.000177943
117 119 -0.0873409
118 119 -0
119 119 0.189753
120 119 -3.99309e-05
121 119 -0.0629406
212 119 1.015e-06
213 119 -0.000171318
214 119 1.34e-05
215 119 -0.0107023
24 120 -0.011055
25 120 2.67057e-08
26 120 -9.54446e-08
27 120 2.93209e-12
118 120 -0.0629406
119 120 -3.99309e-05
120 120 0.143047
121 120 0
122 120 -0.0420431
123 120 -3.03524e-05
214 120 -2.36976e-07
215 120 -2.90619e-10
216 120 -0.0110547
217 120 -2.64739e-08
218 120 2.10857e-09
219 120 3.07122e-12
24 121 -2.67057e-08
25 121 -0.011055
26 121 -2.93209e-12
27 121 -9.54446e-08
118 121 3.99309e-05
119 121 -0.0629406
120 121 0
121 121 0.143047
122 121 3.03524e-05
123 121 -0.0420431
214 121 2.90619e-10
215 121 -2.36976e-07
216 121 2.64739e-08
217 121 -0.0110547
218 121 -3.07122e-12
219 121 2.10857e-09
26 122 -0.0076691
27 122 1.10575e-05
120 122 -0.0420431
121 122 3.03524e-05
122 122 0.107115
123 122 0
124 122 -0.0406592
125 122 -8.59692e-05
216 122 -2.10857e-09
217 122 1.45726e-12
218 122 -0.00766926
219 122 -1.09193e-05
220 122 -3.11313e-07
221 122 -1.95712e-09
26 123 -1.10575e-05
27 123 -0.0076691
120 123 -3.03524e-05
121 123 -0.0420431
122 123 -0
123 123 0.107115
124 123 8.59692e-05
125 123 -0.0406592
216 123 -1.45726e-12
217 123 -2.10857e-09
218 123 1.09193e-05
219 123 -0.00766926
220 123 1.95712e-09
221 123 -3.11313e-07
26 124 -1.91954e-07
27 124 8.14985e-10
28 124 -0.0079376
29 124 4.43318e-05
30 124 -1.70665e-07
31 124 1.27774e-09
122 124 -0.0406592
123 124 8.59692e-05
124 124 0.105446
125 124 0
126 124 -0.039309
127 124 -0.000227619
220 124 -0.00793727
221 124 -4.37467e-05
26 125 -8.14985e-10
27 125 -1.91954e-07
28 125 -4.43318e-05
29 125 -0.0079376
30 125 -1.27774e-09
31 125 -1.70665e-07
122 125 -8.59692e-05
123 125 -0.0406592
124 125 -0
125 125 0.105446
126 125 0.000227619
127 125 -0.039309
220 125 4.37467e-05
221 125 -0.00793727
30 126 -0.00821299
31 126 0.00013494
32 126 -5.54074e-09
33 126 1.03343e-10
124 126 -0.039309
125 126 0.000227619
126 126 0.102294
127 126 0
128 126 -0.0380187
129 126 -0.000251885
220 126 -2.32659e-07
221 126 -3.77534e-10
222 126 -0.00821314
223 126 -0.0001329
30 127 -0.00013494
31 127 -0.00821299
32 127 -1.03343e-10
33 127 -5.54074e-09
124 127 -0.000227619
125 127 -0.039309
126 127 -0
127 127 0.102294
128 127 0.000251885
129 127 -0.0380187
220 127 3.77534e-10
221 127 -2.32659e-07
222 127 0.0001329
223 127 -0.00821314
30 128 5.5398e-09
31 128 -1.40045e-10
32 128 -0.00849017
33 128 0.000238408
126 128 -0.0380187
127 128 0.000251885
128 128 0.101573
129 128 0
130 128 -0.0368058
131 128 -0.000353375
222 128 -1.20991e-07
223 128 -1.42477e-09
224 128 -0.00849058
225 128 -0.000234251
226 128 -4.0188e-08
227 128 -1.97693e-09
30 129 1.40045e-10
31 129 5.5398e-09
32 129 -0.000238408
33 129 -0.00849017
126 129 -0.000251885
127 129 -0.0380187
128 129 0
129 129 0.101573
130 129 0.000353375
131 129 -0.0368058
222 129 1.42477e-09
223 129 -1.20991e-07
224 129 0.000234251
225 129 -0.00849058
226 129 1.97693e-09
227 129 -4.0188e-08
32 130 -1.5591e-07
33 130 6.31411e-09
34 130 -0.00876116
35 130 0.000384077
128 130 -0.0368058
129 130 0.000353375
130 130 0.0973454
131 130 0
132 130 0.0356985
133 130 0.000274606
226 130 -0.0087612
227 130 -0.000375965
32 131 -6.31411e-09
33 131 -1.5591e-07
34 131 -0.000384077
35 131 -0.00876116
128 131 -0.000353375
129 131 -0.0368058
130 131 -0
131 131 0.0973454
132 131 0.000274606
133 131 -0.0356985
226 131 0.000375965
227 131 -0.0087612
34 132 2.31105e-08
35 132 1.23743e-09
36 132 -0.00902034
37 132 -0.000502569
38 132 -2.04228e-07
39 132 -1.21206e-08
130 132 0.0356985
131 132 0.000274606
132 132 0.0983837
133 132 0
134 132 -0.0347024
135 132 0.000613994
226 132 3.31662e-08
227 132 -1.23383e-09
228 132 -0.00902059
229 132 0.000490372
34 133 1.23743e-09
35 133 -2.31105e-08
36 133 0.000502569
37 133 -0.00902034
38 133 1.21206e-08
39 133 -2.04228e-07
130 133 0.000274606
131 133 -0.0356985
132 133 -0
133 133 0.0983837
134 133 -0.000613994
135 133 -0.0347024
226 133 -1.23383e-09
227 133 -3.31662e-08
228 133 -0.000490372
229 133 -0.00902059
38 134 -0.00924862
39 134 -0.000751041
132 134 -0.0347024
133 134 -0.000613994
134 134 0.0953613
135 134 0
136 134 -0.0338445
137 134 0.000930442
228 134 -1.86158e-07
229 134 7.49464e-09
230 134 -0.00925075
231 134 0.000726802
232 134 -3.94164e-07
233 134 5.33663e-08
38 135 0.000751041
39 135 -0.00924862
132 135 0.000613994
133 135 -0.0347024
134 135 -0
135 135 0.0953613
136 135 -0.000930442
137 135 -0.0338445
228 135 -7.49464e-09
229 135 -1.86158e-07
230 135 -0.000726802
231 135 -0.00925075
232 135 -5.33663e-08
233 135 -3.94164e-07
38 136 -3.23447e-08
39 136 -3.65676e-09
40 136 -0.00943123
41 136 -0.00110864
42 136 -2.04422e-08
43 136 -2.49508e-09
134 136 -0.0338445
135 136 -0.000930442
136 136 0.0940587
137 136 0
138 136 -0.0327533
139 136 -0.00516013
232 136 -0.00943705
233 136 0.00105683
38 137 3.65676e-09
39 137 -3.23447e-08
40 137 0.00110864
41 137 -0.00943123
